1 2 4 6 9 10 13 16 18 19 20 21 22 25 26 29 30 35 36 40 41 42 43 44 45 46 47 48 49 51 52 54 55 58 59 60 61 62 63 64 66 69 71 72 74 76 77 78 79 81 82 84 86 87 90 91 93 95 96 97 101 102 103 104 106 107 109 112 116 117 119 120 123 125 126 129 130 131 132 135 136 137 140 141 142 144 145 146 149 150 152 153 154 156 158 160 164 166 170 171 172 174 176 177 179 181 184 185 188 190 192 193 195 198 199 200 201 202 203 205 206 207 208 209 211 212 215 216 218 219 222 224 225 227 228 230 233 234 235 236 238 239 240 242 244 247 248 250 252 253 254 255 257 260 261 262 264 266 267 268 269 270 274 276 277 278 279 280 284 285 286 289 291 294 297 300 301 303 304 308 309 310 311 313 316 317 318 319 320 322 323 328 330 331 334 335 336 338 340 343 348 349 350 351 352 353 354 355 356 357 358 359 363 364 365 368 374 375 378 379 380 384 385 387 388 390 391 393 394 395 397 398 399 400 401 402 403 404 410 411 412 413 414 415 416 417 419 421 422 426 427 429 430 431 432 434 436 437 439 442 443 444 445 446 448 450 452 454 457 458 459 461 462 464 466 469 472 473 474 475 476 477 478 479 481 482 485 490 491 492 493 496 499 500 502 504 506 508 510 511 512 513 515 516 519 520 522 523 525 527 528 529 530 531 532 535 538 540 542 543 544 545 546 547 548 549 550 551 552 553 554 555 556 557 562 563 565 567 568 570 571 572 573 574 575 576 577 578 581 583 585 586 587 589 590 591 594 595 597 599 602 603 604 606 608 609 612 613 618 619 621 623 624 626 627 628 630 632 635 636 637 638 639 640 641 643 646 648 649 650 651 652 654 656 657 661 662 666 667 668 671 672 673 674 676 677 680 681 683 690 692 695 696 697 698 699 701 702 704 705 706 707 713 714 715 717 718 719 721 725 727 728 729 731 732 734 736 739 740 743 744 746 748 749 750 751 753 754 756 757 758 759 762 764 766 767 768 769 770 772 773 774 775 777 778 779 781 782 784 785 787 788 789 791 792 793 794 795 796 797 799 801 803 804 806 808 809 810 812 814 817 818 820 822 823 824 827 828 830 831 832 833 834 835 836 839 840 842 843 845 846 848 856 857 859 862 863 866 869 870 871 872 874 875 876 877 878 879 881 883 884 885 886 889 890 891 892 894 896 897 898 904 905 906 907 908 910 911 912 913 918 920 921 925 927 928 929 930 932 934 935 939 940 941 943 944 945 946 950 951 952 953 954 956 957 959 962 964 965 966 967 968 969 970 971 972 973 974 975 976 977 978 983 984 985 986 987 988 989 990 995 996 997 999 1000 1001 1002 1003 1004 1005 1006 1007 1008 1010 1011 1012 1013 1015 1016 1019 1020 1021 1022 1023 1024 1025 1028 1029 1030 1034 1036 1037 1039 1040 1042 1044 1045 1048 1049 1050 1054 1055 1057 1058 1060 1061 1062 1064 1065 1066 1068 1069 1071 1073 1074 1075 1076 1078 1079 1080 1082 1084 1085 1087 1088 1089 1092 1093 1094 1095 1097 1098 1099 1100 1101 1102 1104 1105 1106 1108 1109 1110 1112 1113 1114 1115 1116 1117 1118 1120 1121 1122 1123 1124 1125 1127 1128 1130 1131 1132 1133 1134 1135 1136 1137 1138 1141 1142 1143 1146 1147 1148 1151 1152 1153 1154 1155 1157 1159 1160 1161 1162 1163 1164 1168 1172 1173 1174 1176 1178 1179 1181 1182 1183 1185 1186 1187 1188 1189 1190 1191 1194 1198 1199 1201 1202 1203 1204 1206 1208 1209 1210 1211 1212 1214 1215 1216 1217 1218 1219 1220 1221 1222 1224 1226 1228 1230 1233 1234 1235 1236 1239 1240 1241 1242 1244 1245 1247 1248 1249 1250 1251 1252 1255 1258 1259 1260 1261 1265 1266 1268 1270 1271 1272 1275 1276 1278 1281 1282 1283 1284 1285 1287 1288 1289 1291 1292 1294 1295 1296 1297 1299 1302 1303 1304 1305 1307 1308 1309 1311 1312 1317 1318 1320 1327 1328 1330 1332 1334 1335 1336 1337 1338 1339 1342 1343 1344 1345 1347 1348 1349 1350 1352 1353 1354 1357 1359 1360 1361 1363 1365 1366 1367 1368 1372 1376 1377 1378 1380 1381 1382 1383 1384 1389 1391 1393 1394 1396 1397 1398 1400 1401 1402 1403 1404 1406 1407 1409 1410 1411 1412 1414 1415 1416 1417 1418 1420 1421 1427 1428 1429 1430 1431 1433 1435 1436 1439 1440 1441 1442 1443 1447 1450 1453 1454 1455 1456 1457 1458 1459 1460 1461 1462 1464 1465 1466 1468 1469 1471 1473 1475 1477 1478 1479 1480 1481 1483 1484 1488 1490 1491 1493 1495 1496 1497 1498 1499 1500 1501 1502 1503 1505 1506 1507 1508 1509 1510 1512 1513 1515 1517 1518 1522 1523 1524 1526 1531 1532 1533 1534 1538 1539 1543 1544 1545 1546 1547 1552 1553 1554 1555 1556 1557 1560 1563 1566 1567 1568 1569 1572 1573 1574 1575 1576 1578 1580 1582 1583 1584 1585 1587 1588 1591 1592 1593 1596 1597 1599 1600 1601 1602 1604 1605 1607 1608 1609 1610 1612 1614 1616 1618 1619 1620 1624 1625 1626 1630 1632 1637 1638 1640 1641 1642 1643 1646 1647 1648 1649 1651 1652 1653 1654 1657 1660 1661 1662 1664 1666 1668 1670 1671 1674 1675 1676 1677 1678 1679 1680 1683 1684 1685 1686 1689 1690 1692 1695 1697 1699 1701 1703 1704 1706 1707 1708 1709 1711 1716 1717 1718 1719 1720 1721 1723 1725 1726 1727 1728 1729 1731 1734 1737 1739 1740 1741 1742 1743 1745 1747 1748 1749 1751 1753 1754 1755 1756 1757 1758 1760 1761 1763 1764 1765 1766 1769 1770 1771 1774 1776 1779 1781 1784 1785 1787 1788 1789 1790 1791 1793 1795 1796 1799 1800 1802 1803 1805 1806 1808 1809 1811 1813 1814 1815 1817 1822 1824 1825 1826 1828 1830 1832 1833 1834 1835 1836 1837 1840 1841 1842 1844 1845 1846 1847 1848 1849 1850 1851 1852 1853 1856 1858 1861 1862 1864 1866 1867 1870 1872 1873 1874 1876 1877 1878 1879 1880 1881 1882 1883 1885 1886 1888 1889 1890 1891 1893 1894 1895 1898 1899 1900 1902 1904 1906 1911 1913 1914 1916 1917 1919 1920 1923 1925 1926 1927 1929 1931 1932 1934 1935 1936 1937 1939 1942 1943 1944 1945 1946 1947 1948 1949 1950 1952 1954 1955 1956 1957 1958 1959 1961 1962 1963 1964 1965 1966 1967 1969 1970 1973 1974 1977 1978 1979 1980 1981 1982 1983 1984 1985 1987 1988 1989 1990 1991 1992 1993 1994 1995 1998 1999 2000 2002 2003 2007 2009 2010 2011 2012 2015 2016 2017 2018 2021 2022 2023 2024 2029 2031 2032 2033 2034 2035 2036 2037 2039 2041 2044 2045 2046 2050 2051 2053 2054 2055 2057 2060 2062 2064 2065 2066 2067 2069 2070 2074 2075 2076 2077 2078 2080 2081 2082 2083 2084 2087 2088 2091 2092 2093 2095 2102 2104 2105 2106 2107 2108 2113 2115 2118 2119 2121 2122 2124 2125 2126 2127 2128 2131 2132 2133 2134 2135 2138 2139 2144 2147 2148 2149 2151 2153 2155 2156 2157 2158 2159 2160 2161 2162 2163 2165 2166 2167 2168 2170 2176 2177 2178 2179 2180 2181 2182 2183 2184 2185 2186 2189 2190 2191 2192 2193 2194 2195 2196 2197 2200 2202 2203 2204 2205 2208 2209 2210 2211 2212 2214 2215 2216 2218 2219 2221 2222 2223 2224 2225 2226 2227 2228 2229 2230 2231 2232 2236 2237 2238 2243 2244 2248 2249 2252 2255 2256 2258 2259 2260 2261 2262 2264 2265 2268 2272 2273 2274 2275 2276 2277 2279 2280 2282 2283 2284 2288 2289 2290 2292 2293 2294 2295 2296 2297 2298 2299 2300 2302 2303 2306 2307 2309 2310 2313 2314 2315 2316 2318 2319 2324 2325 2326 2330 2335 2336 2337 2338 2339 2340 2341 2342 2343 2344 2345 2346 2347 2348 2349 2350 2351 2352 2354 2355 2356 2357 2358 2362 2364 2365 2366 2368 2371 2372 2374 2375 2378 2380 2381 2382 2385 2386 2387 2388 2389 2390 2391 2392 2395 2397 2398 2399 2400 2401 2408 2409 2411 2416 2417 2418 2419 2422 2423 2425 2426 2427 2428 2430 2431 2432 2433 2435 2437 2438 2440 2445 2446 2448 2449 2452 2454 2455 2458 2460 2461 2462 2463 2464 2467 2468 2470 2471 2474 2480 2481 2482 2484 2485 2486 2487 2488 2489 2490 2492 2494 2495 2496 2497 2498 2499 2500 2503 2504 2506 2507 2508 2510 2512 2513 2515 2519 2520 2521 2523 2524 2527 2528 2529 2534 2536 2537 2538 2539 2540 2542 2543 2544 2545 2546 2547 2549 2551 2555 2556 2558 2560 2562 2566 2570 2571 2573 2574 2575 2576 2577 2578 2579 2581 2582 2584 2586 2587 2588 2589 2590 2592 2593 2595 2596 2598 2599 2602 2603 2604 2605 2606 2607 2609 2610 2612 2618 2620 2621 2622 2623 2624 2625 2627 2629 2631 2632 2634 2637 2639 2640 2642 2643 2644 2647 2648 2650 2651 2652 2654 2655 2656 2657 2658 2659 2661 2662 2663 2664 2665 2666 2667 2668 2670 2671 2674 2675 2677 2680 2681 2682 2683 2684 2686 2687 2688 2690 2691 2695 2697 2698 2699 2701 2702 2704 2710 2711 2712 2713 2714 2715 2716 2718 2720 2723 2725 2726 2729 2731 2732 2735 2737 2739 2741 2743 2744 2746 2747 2752 2753 2755 2756 2757 2758 2759 2760 2761 2763 2764 2766 2767 2769 2770 2771 2772 2773 2774 2775 2777 2779 2780 2782 2783 2784 2785 2786 2788 2791 2792 2793 2795 2796 2797 2799 2801 2805 2806 2807 2809 2812 2813 2814 2815 2816 2820 2821 2822 2823 2824 2825 2826 2830 2831 2832 2833 2834 2836 2837 2839 2840 2841 2842 2843 2844 2845 2846 2847 2849 2850 2851 2852 2853 2854 2856 2859 2865 2869 2870 2871 2872 2873 2874 2875 2876 2877 2879 2880 2882 2883 2884 2885 2887 2889 2890 2891 2892 2893 2894 2895 2898 2899 2901 2904 2905 2907 2908 2909 2910 2911 2914 2915 2917 2918 2920 2922 2923 2924 2925 2926 2927 2928 2931 2932 2933 2934 2935 2940 2941 2942 2945 2946 2947 2948 2950 2951 2953 2955 2956 2957 2959 2962 2963 2965 2966 2967 2970 2972 2973 2975 2977 2979 2980 2982 2984 2985 2987 2988 2989 2990 2991 2993 2996 2999 3001 3003 3004 3009 3010 3011 3012 3013 3014 3015 3016 3017 3018 3019 3020 3021 3022 3024 3025 3026 3027 3028 3029 3034 3036 3038 3039 3041 3042 3043 3044 3047 3049 3050 3051 3052 3053 3054 3055 3056 3058 3059 3060 3062 3063 3065 3066 3067 3068 3069 3070 3071 3072 3073 3074 3075 3076 3077 3079 3080 3081 3082 3083 3084 3085 3089 3091 3092 3093 3094 3096 3101 3102 3105 3106 3108 3110 3111 3113 3115 3119 3121 3124 3126 3127 3128 3129 3130 3133 3136 3138 3140 3141 3148 3153 3157 3159 3161 3162 3163 3164 3166 3167 3169 3170 3171 3172 3174 3176 3177 3180 3181 3183 3184 3185 3186 3187 3188 3189 3191 3194 3197 3199 3200 3201 3202 3203 3204 3205 3206 3207 3208 3210 3211 3212 3213 3215 3216 3217 3218 3219 3222 3224 3228 3229 3230 3231 3232 3233 3234 3235 3239 3240 3241 3243 3244 3246 3248 3249 3252 3254 3255 3256 3257 3260 3264 3265 3266 3267 3268 3269 3270 3271 3272 3273 3277 3278 3279 3280 3281 3282 3283 3285 3286 3287 3288 3289 3290 3293 3294 3295 3296 3297 3298 3299 3300 3302 3304 3307 3310 3311 3316 3318 3319 3320 3323 3326 3328 3330 3332 3337 3338 3340 3341 3343 3345 3346 3347 3348 3350 3354 3355 3356 3357 3358 3360 3362 3365 3366 3368 3369 3370 3371 3372 3373 3375 3376 3377 3378 3379 3380 3381 3384 3386 3389 3390 3391 3392 3395 3396 3397 3398 3399 3400 3402 3403 3404 3405 3406 3407 3408 3409 3410 3411 3412 3413 3414 3415 3416 3417 3419 3420 3423 3424 3425 3426 3427 3430 3432 3433 3435 3439 3441 3442 3443 3444 3445 3447 3449 3450 3452 3456 3457 3458 3460 3461 3462 3463 3464 3465 3466 3468 3472 3474 3475 3476 3478 3480 3484 3486 3487 3488 3490 3491 3493 3494 3497 3498 3499 3500 3502 3505 3507 3508 3510 3511 3513 3514 3516 3518 3519 3521 3522 3523 3524 3525 3528 3529 3533 3534 3535 3537 3538 3541 3542 3543 3546 3547 3552 3553 3555 3559 3561 3562 3563 3565 3566 3571 3572 3574 3575 3576 3578 3579 3581 3583 3585 3586 3588 3591 3592 3594 3595 3596 3597 3598 3600 3603 3606 3607 3610 3611 3612 3615 3620 3621 3623 3624 3625 3628 3629 3631 3633 3634 3636 3638 3639 3641 3643 3644 3647 3649 3650 3651 3653 3654 3655 3656 3659 3661 3662 3663 3664 3665 3667 3668 3669 3671 3673 3674 3676 3677 3679 3680 3684 3689 3690 3692 3694 3695 3696 3699 3700 3701 3704 3705 3709 3710 3711 3716 3717 3718 3720 3721 3722 3723 3724 3726 3727 3728 3729 3730 3732 3733 3735 3736 3737 3740 3741 3742 3743 3745 3748 3750 3752 3754 3755 3756 3757 3759 3760 3763 3764 3765 3766 3769 3771 3772 3774 3775 3780 3783 3784 3785 3787 3789 3790 3791 3792 3793 3794 3795 3796 3797 3798 3805 3806 3807 3808 3812 3816 3817 3822 3823 3825 3826 3827 3828 3829 3830 3832 3833 3834 3836 3837 3839 3841 3842 3844 3847 3849 3851 3852 3853 3854 3855 3856 3857 3858 3859 3860 3861 3862 3864 3865 3866 3867 3868 3869 3870 3871 3873 3874 3876 3878 3880 3883 3884 3885 3886 3887 3889 3890 3891 3893 3895 3898 3899 3901 3904 3905 3908 3910 3912 3913 3914 3918 3920 3921 3928 3929 3930 3932 3933 3936 3939 3941 3942 3943 3944 3945 3946 3947 3948 3949 3950 3951 3953 3954 3958 3959 3962 3963 3964 3968 3969 3971 3973 3974 3980 3984 3985 3986 3987 3988 3990 3991 3992 3994 3995 3997 3998 3999 4001 4003 4004 4005 4006 4007 4008 4010 4011 4012 4013 4014 4018 4019 4021 4024 4025 4026 4027 4031 4034 4036 4041 4042 4048 4050 4051 4052 4053 4055 4057 4058 4059 4061 4062 4063 4064 4066 4068 4069 4070 4071 4072 4073 4075 4076 4078 4081 4082 4083 4084 4085 4086 4090 4091 4092 4093 4094 4095 4096 4097 4101 4102 4103 4104 4105 4107 4108 4110 4111 4112 4113 4114 4115 4116 4117 4118 4119 4121 4123 4124 4127 4129 4131 4133 4134 4135 4137 4138 4139 4140 4141 4142 4143 4146 4148 4151 4152 4153 4156 4157 4158 4163 4164 4165 4170 4171 4172 4175 4176 4177 4178 4179 4180 4181 4182 4184 4185 4187 4189 4190 4191 4194 4195 4197 4198 4205 4206 4208 4209 4210 4211 4212 4213 4215 4216 4217 4219 4224 4227 4228 4229 4230 4231 4232 4233 4234 4235 4237 4238 4241 4242 4243 4244 4245 4246 4247 4248 4249 4250 4251 4255 4256 4263 4264 4265 4269 4270 4271 4272 4274 4275 4276 4283 4285 4286 4287 4288 4289 4291 4292 4293 4298 4301 4302 4303 4304 4305 4306 4307 4310 4312 4313 4315 4318 4319 4321 4322 4323 4324 4327 4330 4331 4332 4333 4335 4336 4337 4339 4340 4341 4342 4343 4345 4346 4347 4348 4349 4350 4351 4352 4353 4354 4357 4358 4360 4361 4362 4364 4365 4366 4367 4368 4369 4370 4372 4373 4374 4375 4376 4379 4381 4382 4386 4387 4389 4390 4391 4392 4394 4395 4396 4401 4403 4404 4405 4406 4407 4408 4411 4413 4415 4416 4418 4419 4422 4424 4425 4426 4434 4435 4436 4437 4439 4441 4443 4444 4446 4447 4449 4451 4452 4453 4455 4456 4457 4458 4459 4461 4463 4465 4466 4467 4468 4470 4472 4473 4477 4478 4479 4480 4482 4483 4484 4485 4487 4488 4491 4492 4494 4495 4497 4498 4499 4500 4501 4502 4503 4504 4506 4509 4510 4514 4515 4517 4519 4521 4523 4524 4526 4527 4528 4529 4531 4533 4536 4537 4538 4539 4541 4542 4543 4544 4545 4546 4549 4551 4553 4555 4556 4557 4560 4561 4563 4564 4565 4566 4570 4571 4573 4574 4575 4576 4577 4578 4580 4582 4583 4584 4585 4587 4588 4589 4591 4592 4594 4595 4596 4597 4598 4599 4600 4601 4602 4603 4604 4606 4607 4609 4613 4614 4615 4616 4617 4618 4622 4624 4626 4627 4628 4630 4631 4632 4635 4637 4638 4640 4641 4642 4643 4645 4646 4647 4648 4653 4654 4655 4656 4657 4658 4660 4661 4662 4663 4664 4666 4667 4668 4669 4670 4671 4672 4674 4675 4679 4680 4682 4685 4686 4687 4689 4690 4691 4692 4694 4696 4697 4698 4699 4700 4701 4705 4706 4708 4710 4713 4714 4720 4727 4729 4730 4731 4732 4733 4736 4738 4740 4741 4743 4745 4746 4748 4750 4751 4752 4753 4754 4755 4756 4757 4759 4760 4762 4763 4764 4765 4768 4769 4770 4771 4772 4775 4777 4778 4779 4781 4784 4785 4789 4790 4791 4792 4793 4794 4795 4796 4798 4799 4803 4805 4806 4807 4808 4811 4813 4814 4816 4817 4818 4819 4820 4821 4822 4825 4826 4828 4829 4830 4831 4832 4833 4837 4838 4839 4841 4843 4847 4848 4849 4850 4854 4855 4856 4857 4859 4862 4864 4866 4867 4868 4869 4870 4872 4873 4874 4875 4876 4877 4878 4881 4883 4884 4885 4886 4888 4889 4890 4891 4893 4895 4896 4897 4898 4899 4900 4901 4902 4903 4904 4905 4907 4908 4909 4910 4912 4913 4914 4915 4916 4917 4918 4919 4921 4924 4925 4926 4929 4931 4932 4933 4934 4935 4936 4937 4938 4941 4946 4947 4949 4950 4953 4955 4956 4958 4959 4960 4963 4964 4965 4966 4967 4968 4969 4970 4971 4972 4974 4976 4977 4978 4979 4980 4981 4982 4984 4986 4987 4988 4989 4990 4992 4993 4994 4996 4998 4999 5000 5001 5002 5003 5004 5005 5008 5011 5015 5018 5022 5023 5024 5025 5026 5028 5030 5032 5033 5034 5035 5037 5038 5039 5041 5044 5045 5046 5047 5049 5050 5051 5052 5053 5054 5055 5056 5058 5059 5061 5062 5064 5065 5067 5068 5071 5073 5074 5075 5076 5077 5078 5079 5080 5081 5082 5083 5084 5085 5086 5087 5088 5089 5090 5093 5094 5095 5096 5097 5098 5100 5101 5103 5104 5105 5106 5107 5109 5110 5111 5113 5114 5115 5116 5118 5120 5121 5122 5123 5124 5125 5126 5127 5129 5130 5131 5132 5134 5135 5137 5139 5144 5145 5146 5149 5151 5152 5153 5154 5155 5156 5157 5160 5161 5162 5165 5167 5170 5174 5178 5180 5181 5182 5185 5188 5191 5195 5196 5197 5198 5199 5200 5201 5204 5207 5208 5209 5211 5213 5214 5215 5216 5219 5221 5223 5224 5225 5226 5227 5228 5229 5230 5233 5234 5235 5236 5237 5238 5240 5241 5243 5245 5246 5247 5249 5250 5251 5252 5253 5255 5257 5259 5265 5267 5270 5271 5274 5276 5277 5278 5279 5280 5281 5282 5283 5284 5285 5286 5287 5288 5289 5290 5291 5292 5293 5294 5296 5297 5298 5301 5302 5303 5304 5305 5306 5307 5308 5309 5310 5311 5312 5314 5315 5316 5317 5319 5320 5321 5322 5323 5324 5325 5326 5327 5328 5330 5334 5335 5337 5338 5340 5341 5342 5344 5345 5347 5349 5352 5353 5355 5356 5357 5362 5363 5365 5366 5367 5368 5369 5370 5371 5377 5378 5379 5380 5381 5382 5386 5387 5388 5391 5392 5393 5394 5398 5399 5401 5402 5403 5404 5406 5407 5408 5409 5412 5414 5415 5416 5417 5419 5420 5421 5423 5426 5427 5428 5429 5432 5433 5434 5436 5439 5441 5442 5443 5445 5448 5449 5450 5451 5452 5455 5457 5458 5460 5461 5462 5466 5467 5469 5470 5472 5474 5475 5477 5480 5481 5483 5484 5485 5488 5489 5496 5498 5502 5503 5504 5505 5506 5508 5509 5510 5511 5513 5515 5516 5518 5520 5522 5523 5524 5525 5528 5530 5531 5532 5533 5534 5535 5536 5537 5539 5541 5543 5546 5547 5548 5550 5552 5553 5554 5556 5557 5558 5559 5560 5562 5563 5564 5565 5566 5568 5569 5573 5575 5576 5577 5578 5579 5580 5581 5582 5583 5584 5585 5587 5589 5592 5594 5595 5596 5598 5600 5601 5602 5603 5604 5605 5607 5608 5609 5610 5612 5614 5616 5617 5618 5619 5620 5621 5622 5623 5627 5628 5629 5630 5632 5633 5634 5635 5636 5638 5639 5640 5641 5642 5643 5644 5645 5646 5647 5648 5649 5651 5653 5655 5656 5657 5658 5661 5662 5663 5666 5667 5668 5669 5670 5672 5673 5675 5676 5677 5678 5681 5683 5684 5687 5688 5689 5690 5692 5693 5695 5696 5697 5699 5701 5702 5703 5704 5706 5707 5708 5709 5712 5715 5717 5718 5719 5720 5722 5724 5725 5726 5727 5728 5730 5731 5732 5734 5735 5736 5738 5742 5743 5744 5745 5747 5748 5749 5752 5754 5756 5757 5758 5759 5760 5761 5762 5765 5766 5767 5768 5769 5771 5772 5774 5775 5776 5777 5779 5780 5782 5786 5790 5794 5795 5796 5799 5800 5807 5808 5809 5810 5813 5815 5816 5817 5818 5819 5820 5821 5822 5823 5824 5825 5826 5827 5828 5829 5830 5831 5832 5833 5834 5836 5837 5839 5840 5842 5843 5844 5845 5846 5848 5849 5850 5851 5852 5853 5856 5857 5859 5860 5864 5866 5868 5869 5870 5871 5874 5880 5882 5884 5886 5887 5888 5889 5890 5891 5892 5893 5894 5897 5898 5899 5900 5902 5905 5907 5909 5910 5912 5913 5916 5917 5919 5920 5921 5924 5927 5932 5937 5941 5942 5944 5945 5946 5947 5948 5950 5951 5952 5953 5954 5955 5958 5959 5960 5961 5962 5964 5965 5967 5969 5970 5971 5973 5974 5975 5976 5977 5978 5980 5983 5984 5986 5989 5990 5991 5993 5994 5995 5996 5997 5998 5999 6000 6001 6004 6005 6006 6008 6009 6010 6012 6014 6015 6017 6018 6019 6021 6022 6023 6024 6028 6029 6030 6031 6036 6039 6040 6042 6043 6045 6046 6048 6050 6053 6054 6055 6056 6057 6059 6060 6061 6063 6065 6066 6067 6068 6069 6070 6073 6074 6075 6079 6080 6081 6084 6085 6087 6089 6090 6093 6094 6095 6096 6097 6098 6101 6102 6103 6104 6106 6107 6110 6111 6112 6114 6115 6116 6118 6119 6120 6123 6125 6128 6129 6130 6131 6132 6133 6137 6138 6139 6143 6144 6145 6146 6148 6149 6150 6151 6152 6154 6156 6158 6159 6160 6162 6166 6170 6171 6172 6173 6174 6175 6177 6178 6179 6180 6183 6184 6186 6189 6190 6191 6192 6194 6195 6196 6198 6199 6201 6202 6206 6208 6210 6211 6212 6213 6214 6215 6217 6220 6222 6224 6227 6229 6230 6234 6235 6238 6242 6245 6246 6248 6249 6250 6251 6252 6253 6256 6258 6262 6264 6267 6268 6269 6270 6271 6273 6274 6275 6277 6278 6281 6284 6286 6287 6289 6290 6296 6297 6300 6303 6304 6307 6308 6310 6311 6312 6314 6315 6316 6317 6318 6320 6322 6323 6325 6326 6327 6329 6332 6333 6335 6337 6338 6339 6340 6341 6342 6343 6346 6347 6349 6352 6354 6359 6361 6362 6364 6366 6367 6368 6369 6370 6371 6374 6376 6377 6380 6381 6382 6383 6386 6389 6391 6392 6394 6395 6396 6400 6402 6403 6404 6406 6407 6408 6411 6412 6413 6414 6415 6418 6419 6420 6425 6426 6428 6430 6431 6432 6436 6440 6444 6445 6447 6448 6449 6451 6452 6453 6454 6455 6456 6457 6458 6460 6461 6462 6466 6467 6468 6470 6471 6472 6473 6474 6475 6476 6479 6481 6482 6483 6484 6486 6487 6488 6489 6491 6493 6494 6495 6496 6497 6498 6499 6500 6501 6502 6505 6506 6507 6508 6513 6514 6515 6518 6520 6522 6523 6524 6525 6527 6528 6529 6530 6531 6532 6533 6534 6535 6536 6537 6540 6541 6542 6544 6545 6546 6548 6550 6555 6557 6558 6562 6563 6566 6567 6569 6570 6571 6572 6573 6574 6575 6576 6577 6582 6583 6584 6585 6586 6587 6588 6589 6590 6591 6592 6593 6595 6596 6598 6599 6600 6602 6603 6605 6607 6608 6609 6611 6612 6613 6614 6617 6618 6619 6621 6623 6624 6625 6628 6630 6631 6632 6634 6635 6637 6639 6640 6642 6643 6644 6646 6647 6649 6650 6652 6653 6654 6656 6658 6661 6662 6665 6670 6671 6672 6673 6674 6675 6678 6679 6680 6684 6685 6686 6688 6689 6690 6691 6692 6693 6695 6696 6697 6698 6699 6700 6702 6703 6707 6708 6710 6711 6713 6714 6717 6719 6721 6722 6723 6724 6726 6727 6728 6729 6730 6732 6733 6734 6736 6737 6739 6740 6741 6742 6743 6745 6746 6747 6748 6749 6750 6751 6752 6753 6754 6755 6758 6759 6761 6763 6765 6766 6768 6769 6771 6772 6773 6774 6776 6778 6779 6780 6781 6782 6783 6786 6787 6789 6790 6791 6792 6793 6794 6795 6798 6801 6802 6804 6805 6807 6809 6810 6811 6815 6816 6817 6820 6822 6824 6826 6827 6828 6830 6833 6834 6835 6836 6837 6838 6839 6840 6842 6843 6844 6845 6846 6847 6849 6850 6851 6853 6854 6855 6856 6857 6858 6859 6860 6862 6864 6865 6866 6867 6868 6872 6873 6876 6878 6879 6881 6885 6888 6893 6894 6895 6901 6904 6906 6908 6909 6910 6911 6912 6913 6914 6915 6917 6919 6921 6922 6923 6926 6927 6928 6929 6930 6932 6934 6936 6937 6938 6939 6940 6941 6942 6943 6944 6945 6947 6948 6949 6950 6953 6955 6956 6958 6959 6960 6961 6965 6967 6969 6970 6971 6972 6974 6975 6977 6978 6979 6982 6984 6985 6986 6988 6989 6993 6994 6995 6996 6997 6999 7000 7004 7005 7006 7008 7009 7011 7012 7013 7014 7015 7016 7017 7018 7019 7023 7025 7026 7027 7028 7029 7030 7031 7032 7035 7037 7038 7040 7047 7049 7051 7053 7054 7056 7058 7059 7060 7061 7062 7063 7064 7065 7068 7069 7071 7074 7077 7078 7079 7081 7082 7084 7086 7087 7090 7091 7093 7094 7095 7096 7100 7101 7102 7103 7105 7106 7107 7108 7113 7114 7115 7120 7121 7123 7124 7126 7127 7128 7129 7130 7132 7133 7134 7135 7136 7137 7138 7139 7141 7142 7143 7145 7146 7148 7149 7152 7153 7156 7158 7159 7160 7161 7163 7164 7168 7169 7170 7171 7173 7174 7176 7179 7182 7183 7186 7187 7188 7189 7193 7194 7195 7196 7197 7199 7200 7201 7202 7203 7204 7205 7209 7210 7212 7213 7214 7215 7216 7217 7218 7219 7220 7222 7223 7225 7226 7227 7228 7229 7230 7231 7233 7234 7235 7236 7237 7239 7240 7243 7244 7245 7247 7248 7252 7253 7254 7255 7256 7260 7262 7263 7265 7266 7268 7269 7270 7271 7274 7276 7277 7279 7282 7283 7286 7287 7288 7292 7295 7296 7297 7298 7299 7302 7303 7304 7305 7306 7308 7309 7311 7314 7315 7319 7320 7321 7323 7324 7325 7328 7329 7330 7331 7332 7334 7337 7339 7340 7341 7342 7344 7345 7346 7347 7348 7349 7350 7352 7353 7354 7355 7356 7357 7358 7359 7360 7361 7362 7363 7366 7368 7369 7370 7371 7372 7375 7376 7377 7379 7381 7382 7387 7388 7389 7393 7395 7396 7397 7401 7403 7408 7409 7410 7411 7413 7414 7416 7418 7419 7421 7422 7423 7425 7429 7430 7432 7433 7435 7436 7437 7438 7439 7440 7441 7442 7443 7444 7450 7451 7452 7453 7455 7457 7458 7459 7461 7462 7463 7464 7465 7466 7467 7468 7470 7473 7474 7477 7479 7481 7482 7483 7484 7485 7487 7488 7489 7491 7492 7493 7500 7501 7502 7504 7505 7507 7509 7511 7513 7514 7517 7518 7520 7521 7522 7523 7524 7525 7526 7527 7529 7530 7531 7532 7533 7534 7536 7537 7538 7540 7541 7542 7547 7548 7550 7551 7554 7555 7560 7562 7564 7565 7566 7568 7569 7570 7571 7573 7574 7578 7580 7583 7586 7587 7588 7589 7592 7593 7594 7595 7596 7597 7598 7599
5 8 14 15 24 28 31 37 56 57 65 68 70 73 75 80 83 89 105 108 110 113 118 121 127 133 138 139 143 147 155 157 159 161 163 167 169 173 178 180 182 187 194 197 204 210 213 214 217 220 226 229 232 243 245 249 251 258 263 272 273 275 281 282 290 296 302 306 314 315 324 325 326 337 344 345 346 360 366 367 370 373 377 383 396 405 408 420 424 428 438 440 441 449 453 456 470 483 484 487 488 489 495 503 507 514 517 518 521 526 533 536 537 558 559 560 566 582 593 601 616 622 631 645 647 655 658 660 665 670 679 684 688 689 694 703 708 711 712 716 720 723 730 733 735 737 738 742 747 752 755 763 786 800 805 813 816 819 821 826 829 844 847 853 854 855 864 865 867 868 887 893 899 914 917 919 922 924 931 933 937 938 955 958 963 979 981 982 991 993 1009 1014 1018 1026 1027 1032 1038 1041 1043 1053 1056 1059 1067 1070 1083 1086 1091 1103 1111 1126 1139 1140 1144 1145 1150 1156 1158 1170 1177 1180 1184 1192 1195 1197 1205 1213 1225 1232 1237 1238 1243 1246 1253 1254 1256 1264 1273 1274 1277 1279 1286 1290 1293 1298 1300 1301 1306 1313 1315 1316 1325 1329 1331 1333 1341 1358 1369 1374 1375 1379 1385 1386 1399 1405 1408 1413 1419 1422 1426 1437 1438 1444 1446 1448 1470 1472 1474 1486 1494 1525 1528 1529 1530 1535 1537 1541 1564 1565 1570 1577 1579 1589 1598 1613 1615 1617 1621 1627 1629 1631 1633 1635 1644 1645 1659 1672 1688 1691 1693 1698 1702 1705 1712 1715 1722 1724 1733 1735 1736 1738 1759 1762 1768 1773 1777 1778 1780 1783 1786 1792 1798 1807 1818 1819 1820 1821 1829 1831 1854 1855 1857 1859 1863 1865 1868 1875 1887 1892 1896 1897 1901 1905 1908 1915 1918 1922 1924 1930 1938 1951 1971 1986 1997 2004 2008 2013 2020 2025 2026 2027 2028 2030 2038 2040 2042 2043 2058 2063 2068 2072 2073 2079 2085 2090 2097 2101 2103 2109 2111 2112 2116 2129 2130 2136 2137 2141 2142 2145 2146 2154 2164 2174 2198 2199 2201 2207 2233 2234 2245 2246 2253 2257 2267 2269 2270 2278 2287 2291 2301 2305 2308 2311 2317 2320 2323 2327 2332 2333 2334 2353 2363 2370 2373 2383 2384 2396 2402 2405 2407 2410 2414 2421 2424 2434 2436 2441 2447 2453 2465 2466 2473 2477 2493 2501 2509 2514 2518 2526 2530 2532 2533 2559 2563 2564 2569 2572 2580 2585 2601 2613 2614 2615 2617 2619 2628 2636 2638 2645 2646 2660 2669 2673 2676 2679 2685 2692 2693 2696 2706 2721 2724 2727 2728 2730 2734 2740 2742 2748 2749 2750 2751 2762 2768 2781 2794 2800 2802 2811 2828 2829 2848 2855 2862 2867 2878 2886 2896 2903 2913 2919 2921 2929 2930 2937 2938 2943 2949 2954 2968 2969 2978 2986 2992 2995 2998 3007 3008 3023 3030 3032 3033 3045 3046 3064 3078 3086 3087 3097 3100 3103 3104 3107 3109 3112 3114 3117 3120 3123 3125 3131 3137 3144 3145 3149 3150 3151 3152 3156 3158 3160 3168 3175 3178 3190 3192 3193 3198 3209 3214 3220 3221 3223 3225 3227 3237 3238 3245 3247 3250 3251 3259 3284 3291 3303 3309 3312 3313 3321 3322 3329 3334 3335 3336 3344 3349 3353 3361 3367 3382 3383 3388 3394 3401 3418 3429 3434 3437 3438 3440 3446 3451 3453 3467 3469 3471 3477 3479 3482 3483 3495 3496 3503 3504 3506 3512 3517 3536 3539 3549 3550 3560 3564 3567 3568 3570 3573 3580 3584 3589 3590 3599 3602 3604 3608 3613 3616 3617 3618 3619 3626 3627 3630 3632 3637 3642 3645 3646 3652 3658 3666 3675 3685 3691 3708 3715 3719 3725 3731 3734 3739 3744 3747 3749 3751 3762 3767 3770 3773 3777 3778 3779 3781 3782 3799 3800 3803 3804 3814 3818 3819 3821 3835 3838 3840 3846 3863 3872 3875 3877 3879 3881 3882 3888 3900 3903 3911 3915 3917 3919 3923 3925 3926 3927 3931 3937 3955 3956 3966 3970 3978 3981 3982 3983 3989 3993 3996 4000 4002 4009 4017 4022 4023 4028 4035 4037 4038 4039 4040 4044 4045 4049 4067 4074 4088 4098 4099 4106 4109 4120 4126 4130 4132 4145 4149 4159 4160 4161 4166 4174 4192 4193 4196 4201 4204 4214 4221 4225 4226 4252 4254 4259 4260 4261 4262 4266 4268 4273 4278 4281 4295 4296 4308 4309 4316 4317 4326 4329 4334 4344 4377 4380 4383 4384 4393 4397 4398 4399 4400 4402 4409 4410 4412 4420 4421 4433 4440 4442 4450 4454 4460 4464 4469 4471 4486 4490 4505 4508 4511 4512 4520 4522 4525 4530 4532 4534 4535 4547 4550 4552 4554 4559 4562 4567 4568 4586 4590 4593 4610 4611 4620 4623 4629 4649 4650 4651 4659 4665 4673 4676 4677 4678 4684 4703 4704 4707 4711 4715 4716 4717 4721 4724 4725 4735 4737 4742 4744 4749 4766 4767 4773 4774 4780 4788 4797 4802 4812 4815 4823 4834 4835 4836 4840 4842 4844 4852 4858 4863 4880 4892 4906 4911 4920 4922 4927 4930 4942 4945 4948 4951 4954 4957 4975 4983 4985 4995 5012 5013 5014 5019 5021 5036 5042 5043 5060 5066 5069 5070 5072 5091 5099 5117 5119 5136 5138 5147 5159 5164 5169 5171 5175 5177 5183 5186 5187 5189 5190 5192 5193 5194 5202 5205 5206 5210 5217 5218 5222 5232 5239 5242 5244 5248 5254 5262 5264 5266 5269 5300 5313 5329 5333 5346 5354 5358 5359 5364 5372 5373 5374 5383 5389 5390 5395 5396 5413 5422 5424 5425 5430 5431 5444 5446 5447 5454 5456 5473 5476 5479 5482 5490 5493 5495 5497 5507 5514 5517 5527 5544 5545 5551 5555 5567 5570 5571 5574 5586 5588 5590 5593 5597 5611 5613 5615 5631 5650 5654 5660 5664 5665 5679 5691 5694 5705 5711 5714 5721 5729 5733 5746 5751 5753 5763 5773 5781 5787 5792 5797 5802 5803 5805 5841 5854 5858 5861 5867 5873 5875 5881 5885 5901 5903 5908 5915 5923 5926 5928 5931 5938 5939 5943 5949 5972 5981 5987 5988 5992 6002 6003 6007 6011 6013 6020 6026 6027 6032 6033 6035 6047 6058 6062 6072 6099 6108 6117 6121 6122 6124 6126 6134 6135 6136 6153 6157 6163 6164 6167 6169 6188 6197 6200 6205 6207 6216 6223 6232 6233 6236 6237 6239 6247 6255 6257 6260 6265 6266 6272 6276 6279 6291 6293 6294 6295 6298 6299 6302 6306 6309 6319 6321 6328 6331 6348 6350 6351 6357 6358 6363 6365 6373 6384 6385 6390 6393 6398 6405 6409 6410 6416 6433 6434 6438 6441 6450 6459 6463 6469 6478 6485 6503 6504 6510 6512 6516 6517 6521 6526 6538 6547 6551 6553 6554 6559 6565 6579 6594 6606 6610 6615 6620 6626 6633 6645 6651 6655 6657 6659 6660 6663 6666 6667 6668 6676 6677 6683 6687 6704 6705 6712 6731 6735 6738 6767 6777 6784 6785 6797 6799 6806 6808 6819 6821 6823 6825 6831 6832 6852 6861 6870 6874 6875 6877 6884 6886 6896 6898 6900 6902 6903 6905 6907 6924 6931 6933 6935 6946 6951 6957 6963 6964 6966 6976 6981 6987 6990 6992 6998 7002 7010 7020 7021 7024 7036 7043 7044 7050 7055 7066 7067 7070 7075 7076 7080 7085 7088 7092 7098 7099 7112 7116 7131 7140 7144 7150 7151 7154 7157 7165 7177 7181 7184 7185 7192 7221 7238 7241 7242 7249 7250 7251 7267 7272 7275 7278 7280 7285 7289 7290 7293 7294 7300 7301 7312 7313 7316 7322 7326 7335 7343 7351 7367 7373 7378 7380 7383 7385 7390 7392 7398 7399 7400 7402 7405 7412 7415 7424 7426 7434 7447 7448 7449 7460 7471 7472 7475 7490 7495 7496 7498 7499 7510 7512 7515 7535 7539 7543 7552 7553 7557 7558 7567 7577 7581 7584 7585 7590 7591 7600
3 7 12 17 23 27 39 53 92 98 100 114 162 183 237 241 288 292 298 299 305 307 339 371 376 381 389 392 409 425 435 447 451 460 465 480 498 501 509 584 592 605 625 634 691 700 811 825 841 849 860 882 902 903 923 926 936 942 961 1035 1081 1090 1107 1165 1169 1171 1193 1229 1231 1267 1280 1324 1346 1351 1355 1371 1373 1432 1434 1445 1452 1463 1482 1485 1487 1504 1516 1519 1520 1521 1550 1551 1559 1562 1571 1594 1606 1622 1623 1665 1694 1744 1772 1775 1782 1797 1810 1823 1827 1839 1843 1928 1933 1960 2047 2056 2071 2086 2140 2169 2173 2175 2220 2235 2240 2251 2285 2286 2359 2376 2379 2403 2406 2412 2420 2439 2442 2443 2444 2450 2451 2456 2457 2472 2475 2478 2483 2505 2531 2548 2550 2552 2561 2626 2649 2653 2700 2708 2719 2754 2778 2804 2808 2819 2860 2888 2897 2900 2916 2961 2974 2976 2983 3002 3005 3031 3090 3095 3098 3116 3118 3135 3139 3155 3165 3236 3263 3275 3314 3317 3325 3339 3385 3421 3422 3459 3481 3501 3527 3531 3548 3558 3569 3582 3593 3609 3635 3640 3670 3678 3681 3693 3702 3713 3768 3776 3809 3831 3845 3892 3896 3897 3916 3938 3965 4029 4056 4060 4065 4089 4122 4150 4154 4169 4186 4199 4200 4220 4223 4236 4240 4279 4282 4284 4299 4300 4320 4325 4356 4385 4388 4438 4445 4462 4476 4493 4496 4513 4518 4548 4558 4608 4612 4639 4644 4652 4681 4712 4723 4728 4734 4758 4761 4776 4783 4809 4810 4824 4845 4846 4851 4861 4887 4894 4928 4943 4952 4973 5007 5009 5016 5048 5057 5063 5102 5141 5150 5168 5172 5231 5268 5273 5299 5318 5339 5343 5348 5376 5385 5400 5410 5418 5437 5438 5440 5453 5463 5468 5486 5492 5499 5529 5540 5549 5572 5606 5626 5671 5682 5685 5686 5737 5739 5740 5750 5755 5783 5784 5785 5798 5801 5811 5879 5896 5911 5930 5933 5935 5956 5979 6016 6034 6071 6083 6086 6088 6100 6113 6140 6142 6155 6161 6168 6185 6187 6193 6203 6218 6219 6228 6243 6280 6282 6292 6313 6334 6336 6356 6388 6422 6429 6439 6442 6446 6490 6492 6539 6549 6580 6581 6616 6622 6638 6641 6648 6669 6681 6701 6718 6725 6744 6760 6762 6770 6788 6796 6814 6829 6848 6863 6882 6883 6889 6954 6991 7033 7041 7046 7048 7052 7072 7073 7109 7117 7162 7166 7172 7190 7198 7207 7258 7261 7291 7307 7391 7420 7428 7445 7454 7544 7545 7556 7559 7576
115 148 246 369 418 524 564 620 629 659 678 686 687 722 771 776 783 838 915 949 960 1167 1227 1340 1387 1492 1527 1611 1628 1663 1667 1696 1812 1912 1972 2150 2171 2312 2361 2393 2429 2469 2491 2565 2616 2689 2717 2738 2803 2835 2838 2863 2881 2997 3146 3154 3182 3196 3374 3431 3436 3532 3686 3746 3753 3801 3813 3815 3843 3894 3975 3976 3979 4046 4155 4162 4188 4203 4290 4314 4359 4378 4448 4474 4481 4516 4572 4619 4693 4739 4786 4787 4879 4939 4944 4991 5029 5143 5220 5351 5375 5599 5674 5698 5847 5876 5877 5895 5918 6076 6077 6182 6221 6240 6423 6465 6629 6706 6709 6803 6841 6891 6952 6968 7003 7045 7122 7167 7257 7386 7469 7476 7497
85 122 283 534 760 780 1063 1323 1669 1750 2014 2048 2217 2239 2502 2591 2964 3308 3387 3556 3557 3758 3786 4016 4173 4218 4636 4853 5258 5624 5716 5789 5804 5806 6345 6360 6427 6477 6561 6757 7057 7118 7206 7246 7264 7317 7519
455 1910 2367 2608 2776 2861 5788 5925 6283 6800 7310 7579
948 994 2250 3301 3333 5140 7034
332 7333
837 4202 5176 6564
947 2641
2707 2736 3961 4032
3703 3848
1310 5272 7224
259 1639 2971
2958 5561
2981
362 3960
888
3428
6417
1921
3972
3810
1223 2810
610 1033 1356 1423 1425 1590 1655 1687 2266 2328 2413 2541 2936 3132 3147 3261 3957 4100 5331 5384 5397 5863 6038 6127 6147 6176 6330 6378 6464 6560 7001 7119 7147 7407 7503 7582
4719
111 124 406 642 675 900 992 1119 1263 1536 1658 2001 2049 2206 3061 3099 3276 3540 3688 3922 3934 4144 4257 4430 4709 4961 5148 5256 5336 5405 5501 5538 5904 5934 5940 6052 6226 6254 6301 7007 7042 7318 7336 7338 7364 7506 7508
165 191 223 231 471 497 539 611 614 644 726 1046 1370 1388 1860 1976 2052 2098 2271 2377 2459 2554 2583 2594 2611 2952 3122 3134 3364 3393 3473 4043 4087 4168 4429 4605 4722 4726 4882 4923 4997 5260 5491 5591 5957 6165 6401 6511 6973 6983 7365 7431 7446
4054 5723
2864 5295
2117 5332
7561
4338 5027
293 341 880 916 1077 1314 1730 1869 1975 2152 2321 2369 2479 2516 2522 2703 2787 3057 3226 3306 3601 3687 3824 4355 4507 4569 4581 4634 4801 4865 5010 5350 5459 5487 5494 5542 5741 6064 6078 6263 6288 6421 6715 6716 6818 6916
1871 5411
423 494 1047 1072 1166 2511 2960 3850 3940 4147 4253 4371 4428 4747 5108 5203 5464 5778 5966 6141 6259 7178
807 861 4427 5166 5838 6775
256 287 1581 1673 2263 2866 3454 4962 6375
5361 5791 7089 7480
1909 3035 7427
3315
7284
2331
1390 2059 5637 6869
2557
3088 3682
6813
333 7208 7327
1558 4860
468 1149 1200 5680 5812
709 1511 2906 3305
2827
3907
3935
998 7175
3470
2188
3605
1549
7083
189 342 798 858 901 1636 1650 1838 2114 2123 2672 4633 5435 5465 6105 6209 6399 6509 6578 6764
3324
802 3262 3274 4702 5040 6880
3142
34 50 312 382 407 463 467 561 663 724 873 1052 1196 1449 1467 1548 1586 1801 1884 2110 2304 2360 2476 2567 2635 2857 2944 3000 3173 3352 3657 3660 3698 4020 4239 4277 4294 4414 4688 4695 4871 5163 5173 5261 5360 5500 5710 5906 5914 5929 5936 6082 6397 6720 6897 7211 7281 7406 7563
2994 4489 6037 7374 7549
895 1031 1257 1262 1682 2213 3683 4015 4782 5700 5835 6812 6890
2745
682 1713 3363 5982 6424 6543 6627 7486
2120 3672
38 196 221 327 580 598 607 669 815 980 1017 1096 1129 1207 1319 1322 1362 1424 1595 1656 1710 1714 2019 2099 2329 2535 2817 2912 3040 3179 3455 3554 3577 3820 3902 4047 4077 4363 4625 4800 5184 5478 5512 5625 5963 5985 6025 6051 6285 6344 6353 6355 6372 6443 6480 6664 6682 6899 7022 7104 7111 7180 7259 7394 7404 7494
175 1732 4297 4417 5017 5031 5862
265 3712 3811 4125 5020
186 347 372 541 579 685 1321 1395 1767 1804 2394 2733 2789 2939 3037 3048 3143 3509 3952 4718 5006 5092 5142 5158 5471 5521 6041 6181 6204 6241 6244 7110 7417
5179 6601
505 741 1175 2553 3342 3489 3526 4079 4167 6435
1996 2678
6871
765 5263
386 588 1561 1941 1968 2061 2254 3614 3761 4311 5855 5968 6324 7039 7546
361
761 790 909 1051 1514 1816 2143 2187 2765 4030 4267 5865 6604 7155 7528
33 433 2094 3327 3485 3967 6231 6261
2798
6694
67 3697 5652
88 486 693 710 1326 1540 1634 1681 1794 1940 2005 2006 2705 2709 2790 2818 2902 3258 3331 3515 3707 4183 4431 4621 4827 5872 6636 6980 7384
7097
11
3622
128 271 4128
617 653 3738 5133
3551
852
6552
7273
295 2722 4033 5128 5922
2089
7572
3545
569 2404 3714 3788 4432 6044 6920
3448 4475
3544 6049 6109 6568
1269 2600 3802 4207 4579 6305 6437 6756 7456
134 2100 2517 3351 5212 5275 6918 7575
94 745 850 1603 1746 3492 3530 3587 4080 5519 6091 6092
99 2868 7516
4423
3909
633 1392 1542 1752 1907 2241 2242 2633 4940 5659 5764
3242 4540 4804 5793
32 4280
615 3359 6892
5112
6379 6597
2597 3253 3648 4328 5526 6887
2415
2172
5713
151 5883
1953 3006
600 1903
1364 2281
5770
329 4258 5878 6519
7191
2630
7125
5814 6556 6925
664
851
1700
168
3977
4136
2322
1476 3906 6225
2568
2525 2694
2096
6387
2858
4683
6962
321
7478
2247 3520
3292
1489
596 1451 3706 3924
3195 4222 7232
