1 2 4 9 10 13 16 19 20 21 22 26 29 30 35 36 40 42 43 44 45 46 47 48 49 51 52 54 55 58 59 60 62 63 69 71 72 76 77 78 79 81 82 84 87 90 91 93 95 96 97 101 102 103 106 107 112 116 117 119 120 123 125 126 129 130 132 135 136 137 140 141 142 146 149 150 152 153 156 158 160 164 166 170 171 172 174 176 177 179 181 184 185 188 192 193 195 199 201 202 203 205 206 207 208 209 212 215 216 219 225 227 228 230 234 235 239 240 242 244 247 248 250 253 254 255 257 260 264 267 268 269 270 274 276 277 278 279 280 284 285 286 291 294 297 300 301 303 304 308 309 310 311 313 316 317 318 322 328 330 334 335 336 338 340 348 349 350 351 352 353 354 357 358 359 364 368 375 378 379 380 385 387 388 393 394 397 398 400 401 403 404 410 411 413 414 415 416 417 419 421 422 430 431 432 434 436 437 439 442 443 444 445 446 448 450 452 454 458 459 461 462 466 473 474 475 477 478 481 482 490 491 492 493 496 499 500 502 504 506 508 510 511 512 516 519 520 523 525 527 528 529 530 531 532 535 538 540 542 543 546 549 550 552 553 554 555 562 563 567 568 571 572 573 574 575 576 578 583 585 586 587 589 590 591 594 595 597 603 604 609 612 613 618 619 621 623 626 627 628 630 635 636 638 639 640 643 646 648 649 650 651 652 656 661 662 667 668 672 676 677 680 681 683 690 692 695 697 698 699 701 702 704 705 706 707 713 714 715 717 721 725 727 728 729 732 734 736 740 743 746 748 753 756 757 758 759 762 764 766 767 768 770 773 775 778 779 785 788 789 791 792 794 795 796 799 801 803 804 808 810 812 814 817 818 820 822 824 827 830 831 832 833 834 835 836 839 840 843 845 846 848 856 857 859 862 863 866 869 870 871 872 874 875 876 877 878 884 886 889 891 892 894 898 904 905 906 907 908 910 911 913 918 925 927 928 929 932 934 935 939 940 941 943 944 945 946 950 951 952 953 954 957 959 964 965 966 967 968 972 973 974 975 976 983 984 986 987 988 989 990 995 996 999 1000 1001 1002 1004 1006 1008 1010 1011 1012 1013 1015 1019 1021 1022 1024 1025 1028 1029 1030 1034 1037 1039 1040 1042 1044 1045 1048 1049 1054 1055 1057 1058 1060 1061 1062 1064 1065 1066 1068 1069 1071 1074 1075 1076 1078 1080 1084 1085 1088 1089 1092 1093 1094 1095 1097 1099 1100 1104 1105 1106 1108 1109 1110 1113 1114 1115 1116 1117 1118 1120 1122 1123 1128 1130 1131 1132 1133 1134 1135 1136 1137 1138 1141 1142 1146 1147 1148 1151 1159 1160 1162 1163 1164 1168 1172 1173 1174 1176 1178 1179 1181 1182 1183 1185 1187 1188 1189 1190 1191 1194 1198 1201 1202 1203 1204 1208 1210 1211 1212 1214 1215 1216 1219 1220 1222 1224 1226 1230 1233 1235 1236 1239 1240 1242 1244 1245 1247 1250 1255 1258 1260 1261 1265 1271 1272 1275 1276 1278 1282 1283 1284 1285 1287 1288 1289 1294 1295 1296 1297 1299 1302 1303 1304 1305 1308 1309 1311 1317 1320 1327 1328 1330 1332 1334 1335 1336 1337 1338 1339 1342 1343 1344 1345 1347 1348 1350 1353 1354 1357 1359 1366 1367 1368 1372 1378 1380 1381 1382 1383 1384 1389 1391 1393 1394 1397 1398 1400 1401 1402 1403 1404 1406 1409 1410 1411 1412 1415 1418 1420 1421 1427 1428 1429 1433 1435 1436 1439 1442 1443 1447 1450 1453 1455 1457 1458 1459 1462 1465 1466 1469 1471 1473 1477 1479 1480 1483 1484 1488 1490 1491 1495 1496 1497 1498 1499 1500 1501 1503 1505 1506 1507 1508 1512 1513 1517 1518 1523 1524 1531 1532 1533 1534 1538 1543 1544 1547 1552 1555 1556 1560 1563 1566 1567 1568 1569 1572 1575 1576 1578 1580 1583 1585 1587 1588 1591 1592 1596 1597 1600 1601 1604 1605 1607 1608 1609 1610 1616 1618 1619 1620 1624 1625 1626 1630 1632 1637 1638 1641 1642 1643 1646 1651 1653 1654 1660 1662 1664 1666 1668 1670 1671 1675 1676 1677 1679 1680 1683 1684 1685 1689 1690 1692 1695 1697 1699 1701 1703 1707 1708 1709 1711 1716 1718 1719 1720 1721 1723 1725 1726 1727 1728 1729 1731 1737 1739 1740 1741 1743 1745 1747 1749 1751 1753 1755 1756 1757 1758 1760 1763 1765 1766 1769 1770 1771 1774 1776 1779 1781 1784 1788 1789 1791 1795 1796 1799 1802 1805 1806 1808 1813 1814 1817 1822 1825 1826 1828 1832 1833 1834 1835 1836 1840 1841 1842 1845 1846 1850 1851 1853 1856 1858 1861 1862 1864 1866 1870 1872 1873 1874 1876 1877 1878 1879 1881 1883 1885 1888 1889 1890 1891 1893 1894 1895 1898 1900 1902 1904 1906 1911 1914 1917 1919 1920 1923 1925 1927 1929 1931 1932 1934 1936 1937 1939 1942 1944 1945 1946 1948 1949 1950 1954 1955 1956 1957 1958 1959 1961 1962 1963 1964 1965 1966 1967 1969 1973 1977 1978 1979 1980 1981 1982 1984 1985 1988 1989 1990 1991 1992 1994 1995 1998 1999 2002 2003 2007 2010 2011 2012 2015 2016 2022 2023 2029 2032 2033 2034 2035 2036 2037 2039 2041 2044 2046 2050 2051 2053 2054 2055 2057 2060 2062 2064 2065 2067 2069 2070 2074 2076 2077 2078 2080 2081 2084 2087 2088 2091 2092 2093 2095 2102 2105 2106 2107 2108 2113 2118 2119 2121 2122 2125 2127 2128 2132 2133 2135 2138 2139 2144 2147 2148 2149 2151 2153 2155 2157 2159 2160 2162 2165 2166 2167 2170 2176 2177 2178 2179 2180 2181 2182 2184 2185 2189 2190 2191 2192 2193 2194 2195 2196 2200 2202 2203 2204 2208 2209 2211 2212 2214 2215 2216 2218 2219 2221 2224 2225 2226 2228 2229 2231 2232 2237 2238 2243 2244 2248 2249 2255 2256 2258 2260 2262 2264 2265 2272 2273 2276 2279 2282 2283 2289 2290 2292 2293 2294 2297 2299 2300 2302 2306 2307 2309 2310 2313 2315 2316 2318 2319 2324 2325 2326 2330 2335 2336 2337 2339 2341 2342 2343 2344 2345 2347 2348 2349 2351 2352 2354 2355 2356 2357 2358 2362 2365 2366 2371 2372 2374 2375 2378 2380 2381 2382 2387 2389 2390 2391 2392 2395 2397 2398 2399 2400 2401 2408 2409 2416 2417 2418 2419 2422 2423 2425 2428 2431 2432 2433 2435 2438 2440 2445 2446 2449 2452 2454 2458 2460 2461 2463 2464 2467 2468 2470 2471 2474 2480 2484 2486 2487 2488 2489 2490 2496 2497 2498 2506 2507 2508 2510 2512 2515 2519 2520 2521 2523 2527 2528 2529 2534 2537 2539 2540 2542 2543 2545 2546 2549 2551 2556 2558 2562 2566 2570 2573 2574 2575 2576 2577 2578 2579 2581 2582 2584 2586 2587 2588 2590 2592 2593 2595 2596 2598 2599 2602 2605 2606 2607 2609 2610 2612 2620 2621 2622 2623 2624 2625 2627 2631 2632 2637 2640 2642 2643 2647 2651 2654 2656 2657 2659 2661 2662 2663 2664 2665 2666 2667 2668 2670 2671 2674 2675 2680 2681 2682 2683 2684 2686 2687 2688 2690 2691 2695 2697 2698 2699 2710 2711 2714 2715 2716 2720 2723 2726 2729 2731 2741 2746 2747 2755 2756 2758 2759 2760 2761 2763 2766 2769 2770 2771 2772 2775 2777 2779 2780 2782 2783 2786 2788 2791 2793 2795 2796 2797 2799 2801 2805 2806 2809 2812 2814 2815 2820 2821 2822 2824 2825 2831 2834 2836 2837 2839 2840 2841 2842 2843 2844 2845 2846 2847 2849 2850 2851 2852 2853 2854 2856 2859 2869 2870 2871 2872 2873 2874 2875 2876 2877 2879 2882 2884 2887 2889 2891 2892 2893 2894 2895 2898 2899 2904 2905 2907 2908 2909 2910 2911 2914 2917 2918 2920 2922 2923 2925 2926 2927 2928 2931 2932 2934 2935 2940 2941 2945 2946 2947 2948 2951 2953 2955 2956 2957 2959 2962 2963 2965 2966 2972 2973 2975 2977 2979 2980 2982 2984 2985 2990 2991 2993 2996 2999 3003 3009 3010 3011 3012 3013 3014 3015 3016 3017 3019 3020 3021 3022 3024 3025 3027 3029 3034 3036 3038 3039 3041 3042 3043 3044 3047 3049 3051 3052 3054 3055 3056 3058 3059 3060 3062 3063 3065 3067 3068 3070 3071 3072 3073 3075 3076 3079 3080 3081 3083 3084 3089 3091 3092 3094 3096 3101 3102 3105 3106 3108 3111 3119 3121 3126 3127 3128 3129 3130 3133 3138 3140 3148 3153 3157 3162 3163 3164 3166 3170 3172 3176 3180 3181 3184 3185 3186 3187 3189 3191 3197 3199 3200 3201 3202 3203 3206 3207 3208 3211 3212 3213 3215 3216 3219 3222 3224 3228 3229 3230 3231 3233 3235 3239 3240 3241 3243 3246 3248 3249 3252 3254 3255 3256 3257 3260 3265 3266 3267 3268 3269 3270 3271 3277 3278 3279 3280 3281 3282 3283 3285 3286 3287 3289 3290 3294 3295 3296 3297 3299 3300 3302 3304 3310 3311 3318 3319 3320 3323 3326 3330 3332 3337 3338 3340 3343 3345 3346 3347 3350 3354 3355 3356 3357 3358 3360 3362 3365 3366 3369 3370 3371 3372 3373 3376 3378 3379 3380 3386 3389 3391 3395 3397 3398 3399 3400 3402 3404 3405 3408 3409 3413 3414 3415 3419 3420 3423 3424 3425 3427 3430 3433 3435 3441 3442 3443 3444 3445 3449 3452 3456 3457 3458 3460 3461 3462 3463 3464 3466 3468 3472 3474 3475 3476 3478 3480 3486 3487 3488 3490 3491 3493 3494 3497 3498 3499 3500 3502 3507 3508 3511 3513 3514 3518 3519 3521 3522 3523 3524 3525 3528 3538 3541 3542 3543 3546 3547 3552 3553 3555 3559 3562 3566 3571 3572 3574 3576 3578 3579 3581 3583 3585 3586 3591 3592 3594 3595 3596 3597 3598 3606 3607 3611 3612 3615 3621 3623 3624 3628 3631 3633 3634 3636 3638 3641 3643 3644 3647 3649 3650 3651 3653 3654 3659 3662 3664 3665 3668 3669 3671 3676 3677 3679 3680 3684 3689 3690 3694 3695 3696 3700 3701 3704 3705 3711 3716 3717 3720 3721 3722 3723 3724 3726 3729 3733 3735 3737 3740 3741 3742 3743 3750 3752 3754 3755 3756 3759 3760 3763 3764 3765 3766 3769 3771 3772 3775 3780 3784 3787 3789 3790 3792 3794 3796 3797 3798 3805 3806 3808 3816 3817 3822 3825 3826 3827 3828 3830 3832 3833 3836 3839 3841 3842 3844 3847 3849 3851 3852 3853 3854 3855 3856 3857 3859 3860 3862 3864 3865 3866 3867 3868 3869 3870 3871 3873 3876 3878 3880 3883 3884 3885 3889 3890 3891 3895 3898 3899 3901 3904 3905 3910 3912 3913 3918 3920 3921 3928 3929 3932 3933 3936 3941 3942 3943 3948 3949 3950 3951 3954 3958 3959 3962 3963 3964 3968 3971 3973 3974 3980 3984 3985 3986 3988 3990 3991 3992 3994 3997 3998 3999 4001 4003 4004 4005 4006 4007 4008 4010 4014 4018 4021 4024 4025 4027 4034 4036 4041 4042 4050 4051 4053 4055 4057 4058 4059 4061 4062 4068 4069 4070 4071 4072 4073 4075 4078 4081 4082 4084 4091 4092 4093 4097 4101 4102 4103 4104 4105 4111 4112 4113 4114 4115 4118 4119 4121 4123 4124 4129 4133 4135 4137 4139 4140 4142 4146 4148 4151 4152 4153 4156 4157 4163 4164 4165 4170 4172 4175 4176 4178 4180 4181 4182 4184 4187 4189 4190 4191 4194 4195 4197 4198 4206 4208 4209 4211 4212 4213 4215 4216 4217 4219 4227 4229 4231 4233 4234 4235 4237 4241 4242 4243 4244 4245 4246 4247 4248 4250 4251 4264 4265 4269 4271 4274 4275 4286 4287 4289 4291 4293 4298 4301 4303 4304 4306 4307 4310 4319 4321 4323 4324 4327 4331 4332 4333 4335 4336 4337 4339 4340 4341 4342 4343 4345 4347 4348 4349 4350 4352 4354 4357 4358 4360 4362 4364 4365 4366 4367 4368 4369 4370 4372 4373 4374 4375 4376 4379 4381 4382 4386 4387 4391 4392 4394 4395 4396 4401 4403 4405 4406 4407 4411 4413 4416 4418 4419 4424 4425 4426 4434 4436 4439 4441 4443 4444 4446 4447 4449 4455 4457 4459 4461 4463 4465 4466 4467 4468 4473 4477 4478 4479 4480 4482 4484 4485 4488 4491 4492 4494 4497 4499 4500 4503 4506 4510 4514 4515 4517 4519 4523 4524 4526 4527 4528 4531 4536 4539 4541 4543 4545 4546 4549 4551 4553 4555 4556 4557 4560 4561 4563 4564 4565 4570 4573 4575 4576 4577 4580 4582 4583 4585 4587 4588 4589 4591 4592 4594 4595 4596 4597 4598 4602 4603 4606 4607 4609 4613 4614 4615 4616 4618 4622 4624 4626 4627 4628 4631 4632 4635 4637 4645 4646 4648 4654 4655 4656 4657 4658 4660 4663 4666 4667 4668 4669 4670 4671 4672 4674 4675 4679 4682 4686 4687 4690 4691 4692 4694 4696 4697 4698 4699 4700 4701 4705 4708 4710 4713 4714 4720 4727 4729 4731 4732 4733 4736 4738 4740 4741 4745 4746 4750 4752 4753 4755 4756 4757 4760 4762 4763 4764 4769 4770 4771 4775 4778 4781 4784 4785 4789 4790 4791 4792 4793 4794 4795 4796 4798 4799 4803 4805 4806 4807 4808 4811 4813 4816 4817 4818 4819 4825 4826 4828 4830 4831 4833 4838 4839 4841 4843 4847 4848 4850 4854 4855 4857 4864 4866 4867 4868 4869 4870 4872 4873 4874 4876 4877 4881 4885 4886 4888 4889 4891 4893 4896 4897 4898 4899 4900 4901 4902 4903 4905 4908 4909 4913 4914 4915 4916 4917 4919 4921 4925 4926 4932 4933 4936 4937 4941 4946 4947 4950 4953 4955 4956 4959 4963 4964 4966 4967 4970 4972 4974 4976 4977 4979 4980 4981 4982 4987 4988 4996 5000 5001 5002 5004 5005 5011 5018 5022 5023 5024 5025 5028 5032 5033 5034 5035 5038 5041 5044 5045 5046 5047 5049 5050 5051 5054 5055 5056 5058 5059 5061 5062 5065 5067 5068 5071 5073 5074 5076 5077 5078 5079 5080 5081 5082 5083 5085 5087 5089 5093 5094 5096 5097 5098 5100 5103 5105 5107 5110 5111 5113 5114 5116 5120 5121 5122 5123 5125 5127 5129 5130 5131 5132 5134 5135 5137 5139 5144 5145 5151 5153 5154 5155 5157 5161 5162 5165 5167 5170 5174 5178 5180 5182 5188 5191 5195 5196 5197 5199 5200 5204 5207 5208 5211 5213 5214 5215 5216 5219 5221 5223 5224 5225 5226 5227 5228 5229 5230 5233 5234 5235 5237 5238 5240 5241 5243 5245 5246 5249 5250 5251 5252 5253 5255 5257 5265 5270 5274 5276 5277 5279 5280 5281 5282 5283 5285 5286 5287 5288 5289 5291 5292 5293 5294 5297 5298 5301 5302 5304 5305 5307 5308 5309 5310 5315 5316 5317 5319 5324 5325 5326 5327 5334 5335 5337 5338 5340 5341 5345 5349 5352 5355 5356 5357 5362 5363 5365 5366 5367 5369 5370 5371 5377 5378 5379 5380 5381 5382 5387 5388 5393 5394 5398 5401 5402 5403 5404 5407 5408 5412 5417 5419 5420 5421 5423 5426 5427 5428 5429 5434 5436 5441 5442 5448 5450 5451 5452 5455 5457 5458 5460 5461 5462 5466 5467 5469 5470 5472 5474 5475 5477 5480 5481 5483 5484 5485 5489 5496 5502 5503 5504 5505 5506 5508 5509 5510 5511 5513 5516 5522 5523 5524 5525 5528 5531 5532 5534 5536 5537 5539 5541 5543 5546 5547 5550 5552 5553 5554 5558 5559 5560 5562 5563 5564 5565 5568 5569 5573 5575 5576 5577 5578 5579 5580 5582 5583 5584 5585 5587 5589 5592 5595 5598 5600 5601 5603 5604 5605 5608 5610 5612 5614 5616 5618 5619 5620 5621 5622 5623 5627 5628 5629 5633 5634 5635 5636 5639 5640 5641 5642 5643 5644 5645 5649 5651 5653 5655 5657 5658 5663 5666 5668 5669 5670 5672 5673 5675 5677 5678 5681 5683 5684 5687 5688 5696 5697 5699 5702 5703 5704 5706 5708 5709 5717 5718 5719 5720 5722 5724 5728 5732 5734 5735 5736 5738 5742 5743 5744 5748 5749 5754 5756 5757 5760 5761 5762 5765 5766 5767 5769 5771 5774 5775 5777 5780 5782 5786 5790 5794 5795 5796 5800 5807 5808 5810 5813 5816 5817 5818 5819 5821 5823 5826 5827 5828 5829 5830 5831 5832 5834 5836 5837 5843 5844 5845 5850 5851 5853 5857 5860 5864 5866 5869 5874 5880 5882 5884 5886 5887 5889 5891 5892 5893 5894 5898 5899 5900 5902 5905 5907 5909 5910 5912 5913 5916 5917 5919 5920 5921 5924 5927 5937 5942 5944 5946 5948 5950 5952 5953 5955 5958 5960 5961 5962 5964 5965 5967 5969 5971 5973 5974 5975 5980 5983 5986 5989 5990 5991 5993 5994 5995 5996 5997 6001 6004 6005 6008 6010 6014 6015 6017 6021 6022 6023 6024 6028 6029 6030 6040 6043 6046 6048 6053 6054 6055 6056 6059 6060 6061 6063 6065 6066 6067 6068 6069 6070 6074 6079 6081 6084 6085 6087 6089 6090 6093 6094 6095 6096 6098 6101 6102 6104 6106 6107 6110 6112 6114 6115 6116 6118 6120 6123 6125 6129 6130 6131 6133 6137 6138 6143 6144 6146 6149 6150 6151 6152 6156 6158 6159 6160 6162 6166 6172 6173 6174 6175 6177 6178 6179 6180 6183 6184 6186 6189 6190 6192 6194 6195 6196 6198 6199 6201 6206 6208 6210 6211 6213 6214 6215 6217 6220 6222 6224 6229 6230 6234 6235 6238 6242 6245 6246 6248 6249 6250 6253 6256 6262 6267 6268 6270 6271 6273 6274 6278 6281 6287 6289 6290 6296 6297 6304 6307 6310 6311 6312 6314 6315 6316 6317 6318 6320 6322 6323 6325 6326 6327 6329 6332 6337 6338 6339 6341 6343 6346 6347 6349 6352 6354 6359 6361 6362 6364 6367 6368 6369 6371 6374 6376 6377 6383 6386 6389 6391 6392 6395 6400 6403 6404 6407 6408 6413 6414 6415 6418 6419 6420 6428 6430 6431 6432 6436 6440 6444 6447 6448 6449 6451 6452 6453 6454 6456 6457 6460 6461 6468 6473 6474 6475 6479 6481 6482 6484 6486 6487 6488 6489 6493 6495 6496 6498 6499 6500 6501 6502 6505 6507 6508 6513 6514 6518 6522 6523 6524 6525 6528 6530 6532 6533 6534 6536 6537 6540 6541 6542 6544 6545 6546 6550 6555 6557 6558 6562 6567 6569 6570 6572 6573 6574 6575 6576 6577 6583 6585 6586 6587 6588 6590 6591 6593 6595 6596 6598 6599 6600 6602 6603 6605 6607 6608 6609 6611 6612 6613 6614 6617 6618 6619 6621 6625 6628 6630 6631 6632 6634 6635 6637 6639 6640 6642 6643 6644 6646 6647 6650 6653 6654 6661 6662 6665 6670 6671 6672 6673 6675 6679 6680 6684 6685 6686 6689 6690 6692 6693 6697 6698 6699 6700 6702 6703 6707 6708 6710 6713 6717 6719 6722 6724 6726 6728 6729 6732 6733 6734 6736 6737 6739 6740 6741 6743 6745 6746 6747 6748 6750 6751 6752 6753 6754 6755 6758 6761 6763 6768 6769 6771 6772 6773 6774 6778 6779 6780 6781 6782 6786 6790 6791 6792 6793 6794 6795 6798 6801 6802 6805 6807 6809 6811 6817 6820 6824 6826 6827 6828 6830 6833 6834 6837 6838 6842 6843 6845 6846 6847 6849 6851 6853 6854 6855 6856 6857 6858 6859 6860 6865 6866 6867 6872 6876 6878 6879 6881 6885 6888 6893 6894 6895 6904 6906 6908 6909 6911 6912 6913 6914 6915 6919 6922 6926 6927 6928 6932 6934 6936 6937 6939 6940 6941 6943 6944 6945 6947 6948 6949 6950 6955 6956 6958 6959 6960 6967 6969 6971 6974 6975 6978 6979 6982 6984 6985 6986 6988 6989 6993 6994 6995 6996 6997 6999 7006 7008 7009 7012 7013 7014 7015 7016 7018 7019 7025 7027 7029 7030 7031 7032 7035 7037 7038 7047 7049 7051 7053 7054 7056 7058 7059 7060 7061 7062 7064 7065 7069 7078 7079 7081 7082 7084 7086 7087 7090 7091 7093 7094 7095 7100 7101 7105 7106 7107 7108 7114 7115 7120 7121 7123 7124 7126 7127 7129 7134 7137 7138 7141 7143 7145 7148 7149 7153 7159 7160 7161 7164 7168 7169 7170 7171 7173 7174 7176 7179 7182 7186 7187 7188 7189 7193 7194 7195 7197 7199 7200 7201 7202 7203 7204 7209 7213 7214 7215 7217 7219 7220 7223 7225 7227 7228 7229 7230 7231 7233 7234 7235 7236 7237 7240 7243 7244 7245 7247 7252 7253 7254 7256 7260 7263 7265 7266 7268 7269 7271 7274 7277 7279 7282 7283 7287 7288 7292 7295 7296 7297 7298 7303 7304 7305 7306 7309 7315 7319 7321 7324 7325 7328 7329 7330 7331 7337 7339 7340 7341 7342 7344 7345 7346 7347 7348 7349 7350 7352 7353 7354 7355 7358 7359 7360 7361 7362 7363 7368 7369 7370 7371 7372 7375 7376 7377 7379 7381 7387 7388 7389 7393 7395 7396 7408 7409 7410 7411 7413 7414 7419 7421 7422 7423 7429 7430 7435 7436 7437 7438 7440 7441 7443 7444 7450 7452 7455 7457 7458 7461 7462 7464 7465 7466 7467 7470 7473 7474 7477 7482 7483 7484 7485 7487 7488 7491 7492 7493 7500 7504 7505 7507 7509 7511 7513 7514 7518 7521 7522 7523 7525 7526 7527 7530 7531 7534 7536 7537 7538 7540 7541 7542 7547 7548 7550 7551 7554 7555 7564 7565 7566 7569 7570 7571 7574 7578 7583 7586 7588 7589 7592 7593 7597 7598
5 6 8 18 25 28 41 61 64 65 66 70 74 75 86 104 109 121 131 144 145 154 157 163 180 182 190 198 200 210 213 218 220 222 224 226 233 236 238 243 251 252 261 262 263 266 273 289 302 306 314 315 319 320 323 331 343 355 356 363 365 373 374 384 390 391 395 399 402 405 412 426 453 456 457 464 469 472 476 479 485 488 495 513 514 515 522 526 545 547 548 551 556 557 558 559 565 570 577 581 599 601 602 606 608 616 622 624 632 637 641 645 654 657 660 666 671 673 674 684 696 712 716 718 719 731 739 744 749 750 751 752 754 769 772 774 777 781 782 784 787 793 797 800 805 809 816 819 821 823 826 828 842 854 879 881 883 885 890 896 897 912 920 921 930 931 933 956 962 969 970 971 978 979 981 985 997 1003 1005 1007 1016 1020 1023 1027 1036 1038 1073 1079 1082 1083 1087 1098 1101 1102 1103 1112 1121 1124 1125 1127 1143 1152 1153 1154 1155 1157 1186 1199 1205 1206 1209 1213 1217 1218 1221 1225 1241 1248 1249 1251 1254 1259 1266 1268 1270 1273 1281 1290 1291 1292 1300 1307 1312 1318 1352 1358 1360 1361 1363 1365 1369 1376 1377 1379 1386 1396 1407 1408 1414 1416 1417 1430 1431 1437 1438 1440 1441 1454 1456 1460 1461 1464 1468 1472 1475 1478 1481 1493 1502 1510 1515 1522 1526 1529 1530 1539 1545 1546 1553 1554 1565 1570 1573 1574 1582 1593 1599 1602 1612 1614 1627 1633 1640 1645 1647 1649 1652 1657 1661 1674 1678 1686 1688 1693 1702 1704 1706 1712 1717 1724 1734 1736 1742 1748 1754 1761 1762 1764 1773 1777 1785 1787 1790 1793 1800 1803 1809 1811 1815 1824 1830 1831 1837 1844 1847 1848 1849 1852 1854 1855 1863 1867 1880 1882 1886 1892 1899 1905 1913 1926 1935 1943 1947 1951 1952 1970 1974 1983 1987 1993 2000 2009 2017 2018 2021 2024 2025 2031 2042 2043 2045 2066 2068 2073 2075 2082 2083 2104 2111 2112 2115 2124 2126 2131 2134 2142 2145 2146 2156 2158 2161 2163 2168 2186 2197 2198 2201 2205 2207 2210 2222 2223 2227 2230 2236 2252 2253 2259 2261 2274 2275 2280 2284 2288 2295 2296 2298 2301 2303 2308 2311 2314 2338 2340 2346 2350 2353 2364 2368 2385 2386 2388 2402 2405 2411 2414 2421 2426 2427 2430 2434 2436 2437 2448 2453 2455 2462 2473 2477 2481 2482 2485 2492 2494 2495 2499 2500 2503 2504 2513 2514 2524 2533 2536 2538 2544 2547 2555 2560 2569 2571 2585 2589 2603 2604 2614 2617 2618 2628 2629 2634 2636 2639 2644 2645 2648 2650 2652 2655 2658 2677 2692 2693 2701 2702 2704 2713 2718 2721 2724 2725 2732 2735 2737 2739 2740 2743 2744 2750 2752 2753 2757 2762 2764 2767 2773 2774 2784 2785 2792 2807 2813 2816 2823 2826 2832 2833 2848 2855 2865 2880 2883 2885 2890 2901 2913 2915 2924 2930 2933 2942 2950 2967 2970 2987 2988 2989 2992 3001 3004 3018 3026 3028 3045 3050 3053 3066 3069 3074 3077 3082 3085 3086 3093 3097 3100 3109 3110 3113 3114 3124 3125 3136 3141 3144 3149 3150 3161 3167 3169 3171 3177 3183 3188 3194 3198 3204 3205 3209 3210 3217 3218 3232 3234 3244 3247 3264 3272 3273 3288 3293 3298 3307 3316 3322 3328 3341 3344 3348 3368 3375 3377 3381 3384 3390 3392 3396 3403 3406 3407 3410 3411 3412 3416 3417 3432 3439 3440 3447 3450 3453 3465 3467 3471 3483 3484 3496 3505 3510 3516 3517 3529 3533 3534 3535 3537 3550 3561 3563 3564 3565 3575 3580 3588 3590 3600 3603 3604 3610 3619 3620 3625 3626 3627 3629 3632 3639 3655 3656 3661 3663 3666 3667 3673 3674 3691 3692 3699 3708 3710 3718 3725 3728 3732 3757 3762 3774 3783 3785 3791 3793 3795 3807 3812 3818 3823 3829 3837 3840 3858 3861 3874 3877 3881 3886 3887 3893 3908 3917 3925 3930 3939 3944 3946 3947 3953 3966 3969 3987 3993 3995 4002 4009 4011 4012 4013 4017 4019 4026 4031 4037 4044 4048 4052 4063 4064 4066 4076 4083 4085 4086 4088 4090 4094 4095 4096 4106 4107 4108 4109 4110 4116 4126 4127 4131 4132 4138 4141 4143 4158 4161 4171 4177 4179 4185 4205 4210 4224 4225 4228 4230 4232 4238 4249 4255 4256 4259 4262 4263 4268 4270 4272 4276 4283 4285 4288 4292 4296 4302 4305 4312 4313 4315 4318 4322 4330 4346 4351 4353 4361 4389 4390 4393 4400 4404 4408 4410 4412 4415 4421 4422 4433 4435 4437 4442 4451 4452 4453 4454 4456 4458 4470 4472 4483 4487 4495 4498 4501 4502 4504 4505 4508 4509 4512 4520 4521 4525 4529 4533 4537 4538 4542 4544 4552 4559 4566 4571 4574 4578 4584 4593 4599 4601 4610 4617 4630 4638 4640 4641 4642 4643 4647 4653 4661 4662 4664 4676 4680 4685 4689 4706 4711 4721 4730 4735 4743 4744 4748 4751 4754 4759 4765 4767 4768 4772 4774 4777 4779 4802 4814 4821 4822 4823 4829 4832 4836 4837 4844 4849 4856 4859 4862 4875 4878 4883 4884 4890 4895 4907 4910 4912 4918 4924 4929 4931 4934 4938 4945 4949 4951 4960 4965 4968 4969 4971 4978 4984 4986 4989 4992 4993 4994 4995 4998 4999 5003 5015 5026 5030 5037 5039 5043 5053 5064 5066 5075 5084 5088 5090 5095 5101 5104 5106 5109 5115 5118 5119 5124 5126 5146 5149 5152 5156 5159 5160 5177 5181 5183 5185 5189 5190 5198 5201 5202 5209 5217 5232 5236 5248 5259 5264 5267 5271 5278 5284 5290 5303 5306 5311 5314 5320 5321 5322 5323 5328 5330 5333 5342 5344 5347 5353 5354 5358 5368 5383 5386 5391 5392 5396 5399 5409 5414 5415 5416 5432 5433 5439 5443 5445 5449 5456 5473 5476 5482 5488 5490 5493 5498 5515 5518 5520 5530 5533 5544 5548 5556 5557 5566 5581 5594 5602 5609 5611 5613 5615 5617 5630 5631 5632 5638 5646 5647 5648 5656 5661 5662 5667 5676 5689 5690 5692 5693 5695 5701 5707 5712 5715 5725 5726 5727 5729 5730 5731 5745 5747 5752 5753 5759 5763 5768 5772 5776 5779 5799 5802 5809 5815 5820 5822 5824 5825 5833 5839 5842 5846 5848 5849 5852 5856 5859 5868 5870 5871 5873 5875 5888 5890 5897 5903 5923 5932 5941 5947 5951 5954 5959 5970 5976 5977 5978 5984 5987 5998 5999 6000 6003 6006 6009 6011 6012 6018 6019 6026 6036 6039 6042 6045 6050 6057 6058 6072 6073 6075 6080 6097 6099 6103 6111 6128 6132 6135 6139 6145 6148 6154 6169 6170 6171 6191 6200 6202 6205 6212 6223 6227 6232 6247 6251 6252 6258 6264 6269 6275 6277 6279 6284 6286 6294 6295 6300 6302 6303 6308 6319 6333 6335 6340 6342 6348 6351 6366 6370 6380 6381 6382 6385 6394 6396 6402 6405 6406 6411 6412 6425 6426 6433 6441 6445 6450 6455 6458 6462 6463 6466 6470 6471 6472 6476 6478 6483 6491 6494 6497 6503 6504 6515 6520 6527 6529 6531 6535 6563 6566 6571 6582 6589 6592 6594 6623 6624 6626 6649 6651 6652 6656 6657 6658 6674 6678 6688 6691 6695 6696 6711 6714 6721 6723 6727 6730 6738 6742 6749 6759 6765 6766 6776 6783 6784 6787 6789 6799 6804 6810 6815 6816 6822 6831 6832 6835 6836 6839 6840 6844 6862 6864 6868 6873 6875 6877 6884 6886 6896 6900 6901 6903 6910 6917 6921 6923 6929 6930 6938 6942 6951 6953 6961 6963 6965 6970 6972 6976 6977 6998 7000 7002 7004 7005 7010 7011 7017 7023 7024 7026 7028 7036 7040 7044 7050 7055 7063 7067 7068 7074 7077 7092 7096 7098 7102 7103 7112 7113 7128 7130 7132 7133 7135 7136 7139 7140 7142 7146 7152 7154 7156 7158 7163 7165 7177 7184 7192 7196 7205 7210 7212 7216 7218 7221 7222 7226 7238 7248 7249 7250 7262 7270 7276 7278 7286 7293 7294 7299 7302 7308 7311 7312 7314 7316 7320 7323 7332 7334 7335 7356 7357 7366 7373 7382 7385 7390 7392 7397 7399 7400 7401 7403 7416 7418 7425 7432 7433 7439 7442 7449 7453 7459 7463 7468 7472 7479 7481 7489 7495 7496 7501 7502 7517 7520 7524 7529 7532 7533 7535 7552 7560 7562 7567 7573 7580 7581 7584 7587 7591 7594 7599 7600
14 15 31 37 56 57 68 73 80 89 105 110 113 118 127 138 139 147 155 159 161 167 169 173 178 197 217 229 258 296 324 325 326 345 346 347 360 367 377 383 396 408 420 424 438 440 483 489 503 537 566 579 582 631 655 658 665 689 694 703 708 711 723 730 735 738 747 755 763 786 813 829 844 847 853 864 865 867 868 893 914 919 924 937 938 955 958 963 982 991 993 1009 1014 1018 1032 1041 1053 1056 1059 1070 1086 1091 1126 1139 1140 1156 1158 1170 1180 1184 1197 1232 1238 1243 1246 1253 1256 1274 1277 1279 1286 1298 1306 1313 1316 1333 1399 1405 1413 1426 1446 1470 1474 1486 1525 1528 1535 1577 1579 1589 1598 1613 1617 1621 1629 1631 1635 1659 1672 1691 1698 1715 1722 1733 1738 1778 1780 1783 1786 1792 1798 1807 1820 1821 1829 1868 1875 1887 1901 1908 1924 1938 1971 1986 1997 2008 2013 2020 2026 2027 2028 2038 2040 2072 2085 2090 2097 2101 2109 2116 2129 2130 2137 2154 2174 2233 2234 2245 2246 2257 2267 2269 2287 2291 2305 2317 2320 2323 2332 2370 2373 2383 2384 2396 2407 2410 2465 2466 2493 2509 2518 2526 2532 2559 2563 2564 2580 2619 2673 2676 2685 2696 2706 2727 2728 2730 2734 2742 2751 2768 2781 2794 2800 2802 2828 2862 2867 2878 2903 2919 2921 2929 2938 2943 2968 2969 2978 2986 2998 3008 3023 3030 3032 3033 3064 3087 3107 3112 3120 3123 3131 3145 3152 3156 3158 3160 3168 3178 3190 3193 3220 3221 3223 3227 3250 3259 3284 3309 3313 3329 3334 3336 3353 3361 3367 3383 3418 3429 3437 3438 3446 3451 3469 3477 3479 3482 3503 3504 3506 3512 3536 3539 3549 3567 3568 3570 3589 3599 3602 3608 3613 3617 3618 3630 3637 3642 3645 3646 3658 3675 3685 3715 3719 3731 3734 3739 3747 3749 3751 3767 3770 3777 3778 3781 3799 3800 3819 3821 3835 3838 3846 3875 3879 3882 3888 3900 3915 3926 3927 3955 3956 3970 3978 3981 3983 3989 3996 4022 4023 4028 4035 4038 4039 4045 4049 4098 4099 4120 4145 4149 4159 4160 4166 4174 4192 4193 4204 4214 4221 4226 4254 4260 4278 4295 4308 4316 4377 4383 4384 4398 4399 4402 4420 4460 4464 4471 4486 4490 4522 4530 4547 4550 4554 4562 4567 4568 4590 4611 4620 4623 4629 4649 4650 4651 4673 4677 4678 4684 4703 4707 4715 4716 4717 4725 4737 4742 4749 4797 4812 4834 4852 4858 4863 4880 4911 4920 4930 4957 4975 4983 4985 5012 5013 5019 5021 5036 5042 5060 5069 5099 5136 5138 5142 5164 5169 5171 5175 5186 5192 5193 5194 5205 5206 5239 5244 5254 5262 5269 5300 5313 5329 5346 5364 5372 5373 5374 5395 5413 5424 5431 5444 5471 5495 5497 5507 5514 5527 5545 5551 5555 5567 5570 5571 5574 5586 5588 5590 5593 5597 5660 5664 5679 5691 5705 5711 5714 5746 5751 5781 5792 5797 5805 5841 5854 5858 5861 5867 5881 5901 5908 5926 5931 5938 5939 5949 5981 5992 6002 6013 6020 6027 6032 6033 6041 6047 6062 6117 6121 6122 6124 6126 6136 6153 6163 6164 6188 6207 6233 6236 6237 6239 6244 6255 6257 6260 6265 6272 6291 6293 6298 6306 6309 6321 6328 6331 6350 6357 6358 6363 6365 6373 6384 6390 6393 6409 6410 6434 6459 6485 6510 6512 6516 6517 6521 6526 6547 6551 6554 6559 6565 6579 6606 6610 6645 6659 6660 6663 6666 6668 6676 6683 6704 6712 6731 6767 6819 6821 6823 6852 6861 6874 6898 6902 6924 6931 6933 6946 6981 6987 6990 6992 7020 7021 7043 7075 7080 7085 7088 7099 7144 7151 7157 7181 7241 7251 7275 7285 7290 7300 7313 7343 7367 7398 7405 7434 7447 7448 7460 7471 7475 7490 7512 7515 7543 7553 7558 7590
3 7 12 39 92 133 183 204 232 241 281 288 292 344 376 389 425 435 447 451 470 480 518 521 536 592 647 670 679 688 720 825 899 902 903 926 942 1067 1169 1193 1195 1231 1280 1315 1321 1325 1331 1374 1375 1444 1463 1482 1504 1516 1519 1521 1537 1564 1594 1623 1665 1694 1744 1801 1827 1843 1859 1928 1930 2030 2056 2063 2110 2136 2220 2235 2286 2363 2376 2379 2403 2406 2420 2424 2439 2442 2444 2447 2451 2457 2475 2501 2505 2531 2550 2552 2572 2615 2626 2638 2679 2719 2749 2808 2888 2896 2897 2937 2949 2954 2961 2974 2976 2983 3005 3031 3098 3118 3135 3137 3143 3214 3237 3245 3263 3303 3321 3382 3385 3388 3394 3421 3422 3558 3560 3593 3678 3681 3768 3803 3814 3845 3897 3937 4029 4067 4074 4130 4196 4200 4223 4236 4240 4266 4282 4300 4309 4317 4320 4380 4385 4388 4469 4496 4535 4586 4608 4639 4659 4665 4712 4723 4758 4776 4780 4783 4788 4815 4846 4861 4887 4892 4922 4942 4954 4973 5006 5063 5070 5102 5147 5150 5168 5210 5299 5410 5418 5425 5430 5438 5446 5453 5468 5486 5517 5549 5686 5740 5755 5773 5798 5811 5911 5929 5930 5935 5988 6007 6016 6034 6086 6088 6113 6155 6157 6161 6203 6216 6218 6219 6228 6266 6292 6299 6356 6388 6416 6437 6439 6442 6490 6539 6553 6580 6616 6638 6641 6655 6687 6720 6762 6796 6797 6829 6848 6882 6905 6954 7041 7070 7110 7116 7190 7242 7258 7261 7272 7291 7307 7326 7378 7383 7415 7420 7426
17 23 27 53 98 114 162 237 298 305 312 371 465 467 498 509 605 691 841 849 882 1081 1090 1165 1269 1324 1371 1373 1432 1434 1445 1452 1487 1550 1551 1606 1622 1772 1775 1782 1810 1884 1933 1960 2047 2140 2173 2240 2251 2285 2304 2359 2472 2483 2548 2561 2649 2700 2819 2857 2916 3002 3090 3139 3314 3339 3459 3527 3548 3713 3776 3809 3831 3892 4065 4150 4169 4186 4220 4356 4438 4445 4493 4652 4734 4809 4810 5009 5016 5172 5339 5348 5376 5385 5492 5529 5540 5572 5671 5739 5785 5879 5956 5979 6083 6100 6142 6168 6280 6305 6581 6669 6718 6760 6770 6863 6897 6991 7046 7052 7073 7109 7172 7198 7207 7391 7556 7576
148 168 246 669 687 771 1227 1319 2312 2393 2491 2565 2881 3146 3154 3182 3196 3431 3843 3975 4188 4448 4516 4693 4786 4991 5351 5375 5599 5698 5847 5876 5877 6076 6077 6240 6423 6465 6682 6709 6803 6841 7045 7167 7476
659 686 1392 1492 1628 1663 1750 2150 2242 4162 4290 4787 4944 5624 6092 6757 7122 7469
85 1323 2014 4940 5716 7118 7317
851 1669 2367 5659 5788 7579
1031 2861 5925 6283
2250 2404 4167 7478
994
7333
4202
837
947
151
2736
3977
3703
7224
5272
259
2971
6552
2958
2981
1909
362
888
3907
3428
2827
6417
1921
3972
3810
108 111 124 406 544 742 1050 1223 1228 1557 1819 1916 1922 2183 2613 2712 2810 2811 2830 3046 3174 3251 3727 3730 3745 3872 3903 3945 4117 4257 4511 4600 5247 5312 5336 5596 5945 6119 6226 6301 6506 6615 7007 7255 7280 7506 7568 7595
1257 2608 3683 4147 4636
5966
5838
24 143 187 275 282 507 533 560 642 737 900 992 1111 1263 1541 1615 1759 1857 1896 1915 2049 2199 2995 3061 3078 3104 3117 3175 3276 3291 3863 3911 4144 4329 4344 4409 4532 4927 4961 5014 5091 5148 5222 5242 5256 5389 5479 5501 5654 5665 5943 6035 6134 6398 6538 6633 6957 7066 7289 7336 7364 7498 7508
5405 5904
487 501 517 539 611 887 1351 1797 1860 1897 2052 2377 2412 2450 2778 3401 3540 3569 3652 3670 4728 4761 4766 5318 5422 5538 5591 6313 6492 6511 6622 6814 6983 7445 7559
497 6973
6225 6564
5723
2117
806 1252 1349 2268 3115 4820 7071 7239
165 191 381 471 584 961 1035 1046 1976 2459 2754 3134 3393 3582 3640 3938 4060 4087 4122 4168 4518 4882 4923 5007 5260 5440 5463 6243 6397 6422 7166
231 3122 4726
1590 3261 5804 6147
1425 1687 4100
4719
3961
341 776 880 1129 2703 3815 4474 4481 4634 4865 5010 5487 5494 5918 6051 6182 6716 6818
1514
2641
7191
3301
1581
3035
1700
5295
5332
2331
134 321 3253
861 2511 5464
2059 6869
1390
4280
4128
4860
2217 2241 3532 3687 3957 5789 6038
610 2006 2522 4801
3088
271
7208
2553
2906 5361
6880 7089
5812
4125
709
852
7175
998
3545
1310
4683
3470
1549
7083
3605
2089
5561
3315
5791
7480
1192 2334 3584 3952 4040 4440
1051 3308 3824 5350 5397 5459 6263 7119 7528
761 2187 5411 6330 6421
366 427 429 977 1145 1161 1234 1237 3192 3312 3804 4904 4958 5072 5218 5535 5607 5840 6467 6548 6584 7183 7596
115 221 564 607 790 915 2429 2479 2997 3057 3226 3374 3746 3801 4046 4077 4314 4355 4359 4378 4879 4939 5143 5674 5741 5895 6078 6353 6443 6952 7259
3577 4267
370 392 428 460 634 675 724 1107 1385 1536 1735 2071 2086 2271 2478 2594 2646 2708 2789 2886 2939 3236 3364 3609 3688 3896 4089 4154 4252 4281 4429 4534 4851 4894 4928 5048 5141 5173 5268 5343 5626 5682 5896 6140 6197 6681 6744 6883 6907 7033 7048 7072 7117 7150 7162 7351 7380 7402 7585
5491 5784
418 524 629 1167 1650 1696 2328 2469 3306 4572 5029 5806 6091 6221 6344 6480
6916
3848
223 339 561 700 811 923 1267 1562 1839 2175 2554 2860 3000 3095 3965 4056 4476 4644 4681 4943 4952 5261 5437 5685 5750 5783 6282 6401 6429 6701 6725 6788 7374 7446 7544 7563
5957 6071 7549
1063 1682 2960 3387 5384 7575
5855
726 2098 2994 3473 4043 6037 6165
122 2114 3556 4016 4853 5764 5863 6561 7057 7147
901 2902 5331
569 2263 5140
1175
6813
3811
4032
332 2525 5680
5878
765
3544
5862
4417
265 5017
682 6627
664
2722
7284
2541 4371 5166 7001
588 1941 3850
7327
88 1033 2413 2936 4827 6176 7503
1423 1794 1940
2707
1149
3672 5040
3485
5713
1673 4962 6375
3712
6892
5263
2281
3738 5652
4054 6962
5031
293 1975 2152 2369 2516 2787 4581 4625 5542 6064 6288 6715
7561
2254 4747 5212
295 1047 5968 6141
1370 2583 2952 4709 4997 5400 7318
4136
1072 4015 7178
386
5922
1658 2001 2164 2206 3922 6052
617
67
7572
468 741 2866
3363 7125
287
6387
5934
2557
4338
2322
2188
1871
6980
3834 5406 6850
128
2630
3327 5179
1077 2019 2329
272 372 860 917 1043 1229 1329 1559 1571 2004 2079 2456 2476 2530 2900 3165 3275 3531 3698 3919 3923 4299 4325 4548 5117 5231 5499 5733 5933 5936 6336 7428 7454 7545
34 186 1355 3352 4239 5801 6334
2213 4253 5835
1451
685 1026 1177 1301 1767 1804 1918 2327 3151 3616 3982 5158 5721 5928 6181 6241 6705 6735 7267 7539 7577
38 369 783 1322 1424 1812 1912 2616 2835 2863 3813 3902 3976 4155 4363 5963 6025 6355 6968 7022 7180 7257 7386
598
2765 3753 4203
3786 4173 6597
596 2745 3706 3924 4782 6812 6925
815 1816 2321 2591 3448 4475 5258 5625 5865 6105 6509 7003 7404
3195
2964 4633 6345 6427 6477 7246
1838
3960
1326 1540 3707 6636
423 494 1166
1340 1527 1667 1714 2123 2912 3179 3436 3820 5220 7394
333
2705
329
3489
2120
1996 3454 5982 7486
2709
3761
1655 2818 4183 7516
100 407 663 1346 1449 1485 1520 1586 2360 2443 2653 3155 3317 3916 4277 4612 4688 4824 5273 5500 5606 5737 5914 6446 6549 6889 7281
1200 6568 6601
50 1052 1196 1467 4020 4294 5057 5360
2061 5203
361
873 1489 3116 4489 6082 7365 7406
3682
6231
33
5108 5778
327 949 1595 1710 1869 2099 2143 2535 2738 4047 6664 6706 6899 7111 7494
3935
1823 3501 3635 4462 6777
3622
4311
6261
2172
710 1953 2247 3132 3331 4030 4222 4621 7155
7384
7097
3262
615
1558
3242
2678
382
3697
3940
614
909 916 1207 1356 3979 7497
2858
7034
505
3551
3324
1561 3614 6324
2266 2790 3258 4428
6694
1511
3142
175
99 189 283 693 780 1636 3557 6399 6578
5814
3342
6435
5133
5793
11
6424
5883
2798
802
2568 6519
5020
807
6109
4431
5770
653
6378
5872
1264 2669 3238 5694
2005
2694
936 2169 2600 3693 3702 3802 5163
3758 6764 7264
678 745 980 2689 3492 4800 6629 6891
858 5700 6918
895 6800
2864
3333
838 850
644
4199 4207 4279 4704
3788 4804
580 1017 1542
3305
2096
4558
7039
1603 3455 3554 4739 5478 7104 7232
633 1387 1907 1972 2171 2717 2803 4619
3351 6890
1314 3530 4569
5027
1362 2868 6285
2361 3686 5184 5512 5985 6372
1713
4423
6871
4604
3520 4507
6127
1732
3714
798
4328
433
2094
600
299 4871
2100
5637
6379
7582
3325 4695 6187
194 1768
2672
3515 6556
7206
5128 7546
4297
7322
1730 2502
3274
2517
4258
4079
7273
6209
249 441 449 1422 1818 4326 6469 6870
3147
307 2804 3481 4579 6185 7456
2838
6360
6044 6920
1364
2597
3173
3006
960 1752 2048
2611 4605 6756
6887
620 722 1611 3587 3894 4080 5519
948
4432
3909
2415
3359
5112
4218
1903
7519
455 2776
94 2633
256
32
2817
534 2239
4540
6560
5275
760
6049
4702
1548
1171 4284 4513
486
3967
1262 1910
7427
6259
1476
3906
7310
409
1639
3526
4033
5526
211 855 4134
6648 7431
6604
1388 3657 4722
6543
484 593 1509 1584 1644 1648 2141 2277 2333 2601 2748 3159 3426 3709 3736 3748 3914 4935 4990 5008 5052 5086 5758 5915 6031 7338 7451
4427
83 214 245 290 337 733 922 1119 1144 1293 1341 1448 1494 1705 1865 2103 2394 2441 2660 2829 3099 3103 3225 3349 3434 3744 3773 3782 3931 3934 4201 4261 4273 4334 4397 4430 4450 4773 4835 4840 4842 4906 4948 5187 5266 5359 5390 5447 5454 5650 5787 5803 5885 5940 6167 6254 6276 6667 6785 6806 6808 6825 6935 6964 6966 7042 7076 7131 7185 7412 7424 7557
5296
6775
625
7407
6464
4845
541 1150 2058 2270 2278 3007 3779 4724 5972 6108 6438 6620 6677 7301 7417 7499 7510
5906
1096 1656
342
463 2635
1968
3040 3601
1681
196
1634
3292 5435
5176
1419 2567 2944 3037 3048 3509 4000 5092 5710 6193 7211
3660 4414 6204
1395 2733 3573 4718
5521
5465
1746
3648
3335 3495
