2229
3750
6850
3204
6584
1264
4673
5545
566
3137
5929
4887
1622
7456
849
722
2817
5351
1714
1972
1650
7519
2964
85
3387
6597
5526
895
6283
6800
569
1175
2120
741
7125
468
1476
4258
3906
5179
4297
4202
5031
837
3967
3697
5652
1364
151
4338
2707
2736
2059
2557
1903
3848
3682
6387
4128
3703
1310
3622
998
5272
1639
259
2971
6694
7083
4136
6552
2958
2981
7572
1909
7427
2331
362
7284
3960
888
2089
3907
3428
2827
6417
1921
3972
3810
5745
6787
4117
6000
4814
6209
1778
2986
642
2305
5501
4861
480
6261
2117
4616
4219
1772
1196
4633
760
2936
4421
2628
3046
5133
3492
3226
4474
148
5487
3924
4147
2281
947
5027
3333
1996
664
6207
2943
1857
2049
7105
6962
5332
6848
5896
3569
5877
6818
5540
6725
4726
899
2949
5538
5835
807
2061
6871
1558
3179
2522
7097
3088
333
2776
4065
3916
1511
2866
5361
3672
7469
7528
6375
3274
433
1200
6109
3035
3811
3305
2242
7119
128
7118
1326
4719
3545
617
7561
3470
4853
6147
4280
3351
2100
5922
32
4860
1732
5723
2188
6869
11
3977
600
4311
3761
2678
7224
4683
5561
6568
2250
682
802
3605
5020
709
3315
2322
3961
852
7175
4032
7167
2152
2019
6932
7239
2702
2295
369
4359
4581
2717
4222
3532
7590
4927
507
465
4923
3786
4636
2709
5464
611
2689
6891
1571
3005
3632
4393
3207
1660
1586
2653
7364
7289
4961
1325
3485
175
5295
5926
5205
6324
4328
2517
4423
4125
155
6659
900
372
3382
1614
457
6119
5017
3327
2633
5789
1681
5397
6757
2502
6038
5637
6880
7480
7111
4625
880
1373
1390
3526
287
3262
7052
923
2858
1387
3979
1655
7503
329
6920
7486
1047
4427
861
7034
423
134
3940
5318
7559
189
2413
3359
6892
6044
256
1713
4702
395
2830
2172
3339
5260
6519
2906
549
4783
6437
2377
3551
7317
5331
534
1549
5143
4569
2226
2864
5176
4717
7498
7089
5275
3614
1968
2412
6973
1413
3291
5865
761
2672
3261
88
1425
1166
455
5203
2187
6263
3174
1223
1167
1362
5707
4432
1581
4400
406
7007
5883
295
3253
4054
7109
4612
2597
2722
2818
271
4079
4962
6627
7497
5350
4801
1871
5542
798
2005
1687
3935
341
3815
4507
3352
3501
6775
3683
4428
3706
1257
5793
2568
6379
3482
5148
2790
2266
6231
5770
5812
3738
653
7191
7273
5838
5906
7208
5791
2630
4087
644
1922
4257
3331
5389
1541
6243
3134
2745
3489
5405
517
7327
3556
3142
5312
6134
813
2291
1896
4846
501
2052
3663
6816
7595
1884
299
4043
3217
1647
1916
7478
4491
4298
2047
5440
3393
5966
2921
5014
708
5239
4344
6397
2459
726
2301
7385
3903
2493
5479
2001
1613
5665
6049
3582
3670
3117
2206
265
6218
1521
1797
6511
4015
6887
4169
381
1035
3931
7512
2329
3601
6735
6957
5654
6052
6378
1542
710
4751
3745
1228
1590
2217
4621
7582
7310
2960
7039
3098
6492
5591
6638
4761
2952
5599
3753
4865
6100
3776
3938
2404
6185
6429
2561
1467
6077
580
3824
2222
544
1262
745
3182
1653
1207
7155
5936
2056
2902
2239
4053
1050
2694
4144
2787
4203
5040
6299
487
2213
3321
5006
1897
6777
6756
2994
7264
4183
1673
471
4882
2811
5336
7255
3250
275
1658
3251
3791
2183
3919
7318
4688
4122
2754
1322
6715
7122
1252
1700
5463
4294
6422
4167
6435
7394
6344
4371
588
1323
5740
5010
1561
7232
2268
4060
3640
4766
6890
7546
1077
2415
505
143
560
321
361
6398
3175
610
2241
2006
3258
7384
3147
7001
65
124
6615
7516
5465
5469
7336
5918
67
915
5512
3635
6636
4728
7177
2613
108
3687
4944
6421
5091
7158
1314
4481
5263
7333
3712
3758
6556
3707
1031
1451
4709
231
6176
6560
1033
1149
615
7057
5435
1730
6564
5862
50
7575
6543
5982
5108
5166
3301
5494
1514
6051
2641
486
693
2263
497
2553
196
1746
386
1356
3454
5968
5212
5128
6259
3342
3078
2511
4782
2608
1051
5411
5764
5904
2094
3195
6225
6313
6288
2765
596
6127
3122
1111
4168
994
3714
3727
4173
5256
909
2254
6092
2541
6980
5878
4462
4030
3190
449
5803
7535
6441
3109
3446
4261
245
3146
949
5446
4787
6836
1584
3431
3139
7556
3648
5855
6165
3214
5521
5535
1811
6561
6610
5648
1249
3667
4192
6276
3587
2603
6366
765
4162
815
2696
7412
6265
5454
293
783
1675
94
5625
7092
307
6907
1663
4572
7404
5847
607
4218
6648
561
4445
6966
290
370
1540
3779
3544
2688
3693
6718
7431
5806
4448
5519
3749
5895
4077
6078
2287
3909
1081
6549
2727
2103
115
2997
246
6443
3196
5985
4277
6788
2860
7446
6034
2594
6423
7180
3473
2312
2976
3324
99
6342
1800
4154
5626
5801
3002
1231
4548
3040
6641
4558
460
4351
2589
2096
7033
3364
1193
5685
2738
1263
3831
7391
4431
3132
5112
3965
3732
6372
2616
4029
6622
2611
4703
922
5497
4383
7246
901
6918
5778
5935
5682
4532
1370
289
6813
3957
4747
1072
4430
5527
6581
7046
6292
3801
2143
2123
2591
5716
3242
5177
4033
3809
111
5976
7206
776
1423
5376
1527
2090
2703
1096
3116
5680
5140
4540
5387
6526
2150
6091
6916
3922
7042
979
7406
5957
6301
827
1340
7508
6300
4605
2369
1910
4253
2868
887
2525
6601
3006
6480
3746
3057
6925
5384
3363
7285
3934
7178
1385
2880
1941
5171
3515
7407
6141
3308
515
6212
2705
7506
5700
6812
2583
6870
2247
6140
4088
5698
4047
961
1794
2560
6464
1940
917
1951
3306
92
6687
1564
6016
3902
5242
6620
2961
1682
412
191
7166
6762
6064
1816
4973
2798
237
1860
2861
5206
5422
1634
2778
539
1975
3894
2455
33
851
1628
633
958
3154
2810
2223
4678
4377
6442
7117
4786
463
811
4647
5979
5750
5911
592
1107
6796
5490
6647
5425
2646
4308
4997
6539
4516
5168
1218
2650
4940
3160
6667
1735
2114
4619
3709
4378
4960
1355
1912
838
1437
2321
7494
1635
4056
564
4476
4935
4554
4659
4380
1786
6931
5316
1953
5258
7365
733
1804
3099
4579
1665
2478
7211
5491
593
5218
4236
5424
1461
659
1696
1705
3434
7259
4994
5086
1752
2554
282
5390
7003
931
5029
2469
2829
4317
4252
4166
6954
2479
2719
4417
4390
3325
6655
6676
3645
960
1388
5737
4454
4017
7334
3734
2334
6900
4496
34
2028
1865
7280
1161
1536
5359
3276
2129
663
3236
3520
4205
1392
2071
1887
332
2394
5192
2491
2886
6477
1636
5872
1468
6161
2912
5940
2535
2361
1915
2748
5072
6357
162
1551
1434
629
418
4644
780
948
2098
1930
4355
5713
2660
6424
4722
5596
1838
6502
4046
6025
6899
2141
7563
6071
2406
7072
3095
4290
6058
5459
614
4489
4016
7022
6548
6806
1038
1426
1267
3843
4363
4155
771
790
3813
6204
4414
916
5783
1293
5650
283
6716
6521
6592
6446
6509
5646
1119
3923
3955
678
5788
4939
977
1046
3892
3314
6035
5659
4450
4440
6706
6345
1550
4438
5173
7549
165
2516
494
2328
1129
4943
4827
6105
4586
6604
6330
1928
971
6401
5934
122
100
2978
503
3819
3744
6578
4284
1280
1644
4410
4067
288
2944
7163
399
429
2164
1319
4267
2373
1489
1424
221
347
5360
7316
6463
1535
5080
938
1852
1892
6083
1032
3335
3495
3770
5712
751
1184
850
3448
5925
1562
5784
882
98
405
2808
2257
3821
5811
7131
4681
6308
6808
6221
6744
1529
6682
5315
4020
7471
5787
2317
3660
7104
2086
1269
3143
7351
6088
2800
5500
339
1195
3303
4712
6616
428
4879
634
1017
336
5224
4099
4226
3548
5400
6952
7374
4695
4975
2448
1472
3584
2679
6027
1698
133
6187
5923
1448
620
38
83
2110
2175
7294
186
4201
1595
4568
2359
6964
7544
6681
2048
325
1098
1821
3577
1710
5453
6874
1463
3989
858
2565
327
1487
4100
4239
4842
2441
3593
720
873
6197
2838
392
2387
6551
3557
3599
2483
5674
6829
4928
5385
1052
2245
2939
6695
1171
6629
6929
3748
524
1623
7147
1063
4840
5248
1145
2420
1669
3348
4329
2677
3702
3103
4475
4126
3736
6182
7553
4045
7291
6086
6293
6803
7557
1126
4442
7238
5438
3421
3782
5346
6465
1315
5117
3698
6438
1971
2567
1041
4718
1150
2004
2327
5471
1829
5138
4530
1165
691
3570
1573
5567
3506
2376
373
1444
675
2742
6241
6356
2526
5052
3135
7300
5210
3554
3975
5972
2367
4983
5606
7067
6882
7021
687
6814
298
4665
5437
7274
2442
2298
5741
6664
4954
6458
4299
7151
2364
805
1559
3788
5374
4952
6334
407
2040
6076
6565
6701
2900
2706
513
2803
1918
4281
6168
7045
6282
6155
382
1237
1440
3978
3483
5781
2099
3879
5364
6236
3996
2014
6770
1341
6522
7476
4513
6494
2360
2450
7257
2140
2270
4871
4804
4773
755
622
5092
1321
3540
5814
5273
6905
6108
7380
1976
1750
3820
2456
6439
883
5804
6516
3850
5231
1445
2363
4353
5222
1456
4641
4273
5624
6889
5597
1520
5671
3558
5268
637
3349
5987
5915
6228
1329
5660
5943
3467
53
730
4130
1043
7307
1667
2635
3317
4089
24
272
1374
4608
1823
5172
3802
7192
1603
1907
4758
7386
296
2475
4399
5321
5593
1869
2863
3915
1301
3221
5007
2733
647
2008
893
2405
825
5395
6142
2267
1026
4188
2835
6348
7066
7070
2174
4724
6219
5158
6285
7267
1589
3762
4863
5981
7454
2848
8
6280
1938
12
6360
4797
5057
6355
498
4800
2027
2995
1594
4906
3530
6321
7434
1256
7490
2447
2531
1656
1396
2271
4429
3710
5467
6915
5710
2443
3455
4721
7043
2530
844
1346
3292
3952
5457
5551
2429
3436
2700
3531
7205
1485
2240
3845
1158
3150
6427
447
2476
3751
700
2974
4397
980
5988
6951
7020
7445
1351
5261
4639
4834
924
5963
3037
6841
2969
5686
6399
1516
2855
3657
6393
5099
6709
223
2058
3220
4739
110
1449
4223
5692
2169
1504
3509
541
3981
6082
1807
3165
3459
7281
7272
4634
5430
6902
686
1419
5220
5785
2734
6883
5473
204
4894
5998
6037
6351
7041
5184
6666
724
4734
5772
5901
168
1782
1186
2509
2819
4535
6839
605
6164
1924
4023
5410
7226
2171
7241
4221
5333
292
6976
6764
847
2828
2353
2897
5070
3900
5009
5555
470
2393
2499
4207
6240
1767
2501
4031
4723
4852
5846
6254
249
3527
4469
5739
6277
5478
7428
1422
2451
2916
7322
5375
5733
7110
1298
1291
3863
263
1548
1761
2320
5118
5163
3617
441
936
1331
3939
5773
5842
6677
7073
509
5036
7290
1833
2919
3245
4567
23
738
5339
7099
4590
5348
7184
1492
80
1281
2645
3481
6538
7398
2286
6388
902
3123
3477
1452
3681
367
2804
5429
5499
1606
6580
6760
4109
1715
800
3008
7
526
2154
6897
5492
6353
2444
2692
993
1839
992
1801
2813
314
1775
3560
3627
5142
3173
6669
2081
3838
3893
5858
669
1519
1810
7162
1908
3804
7085
1139
3927
197
598
1056
5048
2615
7576
243
1324
7207
180
1054
6026
6704
5016
5876
5956
2199
3264
3925
4707
4910
5042
5572
6485
435
3970
389
438
903
4527
1820
2038
5863
6047
7150
241
1316
2030
4106
4991
1206
1213
3983
4314
4320
89
816
1432
4149
5418
5938
7579
3451
3652
4120
5262
6490
518
1014
1933
1970
6390
1361
2781
3237
3692
7210
1611
2323
2332
2751
3275
4080
5549
5662
5879
6136
2403
2743
5194
6633
344
1100
3603
3840
6113
6192
6247
453
914
4049
6033
2274
2881
3897
4266
5069
39
342
711
1482
4356
4730
5323
5416
5607
5730
4837
584
1229
1570
5999
2753
3517
3686
5013
6517
7378
426
829
1080
1577
2532
3658
3822
4282
4487
4725
4744
7002
7146
7460
147
1565
2937
4312
4858
5354
157
337
970
1018
1306
1759
2043
2198
2308
2954
4325
4780
6032
70
1286
7463
2852
3001
4471
194
535
731
1227
1960
2233
6864
2285
2749
3158
4522
5933
6363
6663
864
1170
3263
4240
4817
4992
5247
5679
5854
182
452
1612
1986
3198
3313
5792
7251
113
154
1266
3307
7591
2673
3033
4185
4845
6216
6559
6705
6968
7332
841
1180
1371
2896
3309
4179
4316
6862
5368
7198
7525
571
696
3550
981
1629
1631
1780
3218
3298
3783
4159
4969
5651
371
1431
1812
3064
5755
6305
6653
7558
597
1090
1405
5183
2638
2888
3341
6723
4200
4640
4737
6410
6991
7172
117
210
467
919
1500
2867
3874
4145
4260
4547
5488
5930
5949
6291
214
331
396
655
657
986
1652
2585
3090
5493
7000
7415
7533
4485
1875
2284
2544
3799
4693
5088
5932
6405
409
6478
974
1889 5253
5570
2865
3768
4044
4776
5433
6203
6358
7181
343
536
612 1825 2224 6069
1602
5592
3168
5063
5169
5254
5299
5347
6473
6255
6336
6471
6784
4395
545
1386
1553
2116
3609
4512
4676
4749
4995
6062
7144
2145
6971
3091
3465
5269
5495
5691
5798
5914
6898
7048
41
3511
1232
1744
2626
3026
3087
4731
6470
6272
6579
6822
7132
7567
27
240
323
419
492
752
1934
1059
2227
4415
2802
3004
3800
4040
5529
6875
167
464
942
1251
4873
3007
3149
3344
5912
4361
5630
5779
7222
7326
17
1157
315
1358
3827
4501
5701
5746
7088
121
625
679
1086
1659
2704
3144
4715
5109
5245
5507
6193
118
383
1409
3555
1645
2619
3074
3367
3411
3564
5209
5533
112
183
547
590
694
1395
1408
1583 2380
3374
3469
4305
4552
4553
4566
4922
5517
5991
6425
6512
7218
7275
7442
1009
3118
4661
6057
6626
6711
7545
169
1439
1694
2414
4974
3535
4022
4152 4830
4199
4300
4942
5714
6319
6727
6831
114
305
312
747
1238
1377
6294
2634
2903
2998
3000
3048
3479
3539
3602
3877
3976
4160
4812
4824
5297
6660
863 1342 2193 3304 5191
5442
1686
1956
5786
3156
7140
4026
4495
4809
5721
6007
6683
6759
6946
229
658
2205
1649
1901
2173
3353
4000
4288
4451
4892
5523
5588
6395
7261
2021
2072
2251
2370
2379
2669
3030
3031
3032
3185
3227
3678
4575
4596
6863
3
6210
853
1156
1403
5476
2085
2101
2235
2386
2533
2929
3124
4220
4694
5486
6416
6644
7165
7405
6050
1486
3244
3563
3568
4295
4710
5344
5694
6030
6331
6459
6547
6799
6935
7116
7504
7515
4967
440
616
684
912
1091
2068
3618
4244
5186
6306
6776
7276
6563
985
2714
7373
2388
2524
2784
2815
4862
5147
5663 6481
7190
7335
7552
345
910
982
997
1154
1803
1827
2391
2462
2768
3691
4225
4268
4691
4880
5866
6987
7054
7080
7392
138
346
378
408
559
639
1399
1796
2015
2983
3795
3807
4768
4788
5468
5833
7154
425
2168
1530
2492
3082
4642
4989
5021
5927
6157
6328
3767
718
3192
5106
3654
4385
4493
5664
6738
6992
7149
376
3036
5689
1375
1997
2063
3453
3468
3856 5466
3966
4150
4334
4823
5164
6497
6825
104
160 4549 6274 7288
213
380
1177
1906
2137
4028
2571
2600
3484
3573
3835
4196
4924
6232
5314
5399
5978
7050
7466
238
1205
1407
1436 1699 2300
1569
1879
3429
3141
3329
3713
4859
5330
6921
6969
7036
7433
179
308 1348 1402 3094 4275 6993
377
779
2489
3655
1290
1539
5989
3580
4835
5300
5758
5939
6107
7063
7403
7417
558
649
6267
868
1225
2269
5136
4514
5185
6020
6126
40
581
860
1722
2434
3112
3561
3803
4326
4638
5431
6286
7537
6792
7212
7449
723
930
2146
2424
3028
3951
4458
4464
5705
5447
6268
5731
6851
6896
7402
6942
6940
1741 5362
3247
3416
3969
4486
4525
4652
5667
6222
217
1169
1475
2076
2421
3379 3933
5012
5237
5581
5761
6003
7196
7475
743 6670
3425
5601
2480 3119
4938
3503
4550
4684
4748
5386
5413
5616
6374
6766
7366
7451
7260
1474
2311
2439
3039 5153 5887 7027 7353
3171
3336
3846
4435
4470
4947
6041
6135
7055
7357
7383
6198
68
173
7382
324
651 975 2884 4523 5503
1274
1384
3066
1695
1758
1792
4666
1843
2020
2042
2932
3328
3417
5175
6742
5992
6237
7411
7584
6
1855
4828
2190 5093 7540
4583
2466
2494
4743
3437
4584
4643
5868
5897
6298
6938
7424
7495
6719
319
537
2262
2337
3085
6731
3549
4279
4292
4562
5019
5445
5753
6332 6447
6545
7114
7185
7390
220
355
374
489
935
854
3358
956
1067
6220
1300
1859
2346
2563
5030
2862
3510
3388
4035
3639
3773
6055
4090
4433
4620
5566
5990
6099
6205
6389 7195
2 36 62 106 146 152 170 209 242 244 300 317 351 359 387 413 430 538 576 603 705 734 740 746 773 794 801 803 810 894 918 941 954 1019 1025 1029 1066 1076 1109 1120 1131 1191 1201 1220 1260 1265 1303 1345 1401 1442 1480 1483 1497 1505 1513 1563 1609 1676 1716 1739 1853 1864 1866 1902 1949 1954 1958 1977 1979 1980 2003 2016 2029 2036 2044 2074 2105 2108 2121 2139 2155 2159 2244 2279 2290 2309 2470 2487 2498 2507 2527 2558 2566 2575 2607 2622 2654 2687 2715 2723 2746 2770 2795 2840 2851 2871 2879 2907 2908 2911 2918 2940 2951 2956 2959 2977 3042 3059 3070 3081 3153 3172 3197 3266 3290 3320 3346 3376 3399 3486 3493 3494 3518 3519 3546 3562 3566 3583 3638 3653 3684 3694 3729 3806 3832 3853 3867 3964 3994 4010 4058 4062 4113 4123 4156 4182 4187 4235 4251 4321 4407 4425 4468 4477 4478 4480 4484 4499 4546 4591 4594 4618 4626 4670 4692 4720 4811 4909 4982 4996 5000 5001 5028 5032 5045 5050 5065 5087 5103 5130 5155 5162 5174 5211 5229 5274 5308 5317 5327 5357 5369 5419 5504 5534 5536 5559 5562 5565 5579 5580 5608 5622 5640 5687 5756 5807 5808 5816 5902 5924 5953 5962 5995 6001 6090 6093 6106 6129 6162 6186 6208 6213 6217 6229 6250 6253 6289 6296 6307 6329 6352 6404 6448 6587 6614 6630 6689 6707 6726 6733 6754 6773 6774 6779 6780 6866 6888 6895 6956 6975 7037 7038 7049 7051 7058 7078 7100 7108 7159 7186 7237 7240 7247 7268 7295 7329 7482 7493 7500 7566 7569 7571 7586 7593 7598
20 676 1233 2741 3611 3842 4366 5279 5366 6793 6994
119
28
56
61
75
817
2938
4971
145
3608
1328
365
424
7578
488
521
3911
6721
582
609
7235
670
703
737
884
943 1242 1411 1985 2065 2221 3378 4184 5035 6214
990
1003
5556
1036
1330
1143
1146
1197
1313
1368
1446
1525
5156
5039
1677
1704
3619
1799
5227
7580
2000
2025
2333
5489
5329
5396
3589
2465
2472
5776
2708
2559
2629
6373
2721
3097
2895
3205
3206
3225
6019
3273
3361
3385
3626
3516
3565
3613
5888
3715
3756
3757
3777
3854
3888
4082
4204
4230
4256
4559
4611
4649
4650
4653
4680
4772
4810
4815
4890
4948
4957
5062
5189
5217
5244
5820
5602
5615
5642
5673
6840
5805
5875
5928
5951
6110 7086
6163
6167
6169
6239
6462
6506
6553
6582
6700
6712
6730
6819
6821
6823
6877
6886
6933
7044
7047
7103
7231
7444
7459
7539
7560
7562
5977
2670
6384
14
5266
6967
3145
2933
3886
2617
3100
955
937
6785
483
2225 5657
1299 1443 4041
3873
5358
5738
3896
7227
306
5747
6767
1863
1372 5775
6510
2841
3688
6520
3642
2572
6853
3586
4826
2457
4895
6153
7301
19 7234
2410
2112
2637 4209 4976
6805
7536
5301
4505
1173 6842
1926
7023
3662
77 6740
2580
316
631
1360
3120
3588
5544
5711
5837
35 874
707
729
6414
1470
2189
2473
3183
3318
3439
3505
6031
6409
6998
4229
4518
3159
5851
6983
6223
2590
3115
4704
2883
5751
1557
3504
3347 6534
4174
4839
49 2576
4705
4802
6963
1438
1528
5132
2304
3086
4121 5215
5690
6953
2454 5845 6613
2536
2992
3403
4622
4631
4848
5187
3187
484
3312
3452 5677
72 3628 7009
6188
76 2354 3826 3855 7182
159
744
2453
2548
4013
4186
4233
4346
6320
6651
178
5102
5508
227 2609
1579
4856
2767
1302 1965 2294
6215
7249
4081
6227
57
385 3216
6541
2079
2345
326
485
1008
5613
786
1937 4869
2399
4309
4912
6469
7501
529
769
2785
3061
3322
3730
4384
5892
7358
540 5098
1279
4774
5037
5285
5586
136 1147 3389
140
665
1199
6377
3131
5695
3430
172
5371
410 1244
1627
1738
2111
2130
2136
2256
4131
6924
5
137 2578 4539
1503
1643 3928
4765
3536
4851
5861
6981
4007
6720
6434
530 5056
5342
818 951 4457
5124
1518 4762 5246 5513
4561
7308
1239
6002
251
6466
4420
6385
3209
3926
3401
926
239 5472
398
1760
2303
4520
4677
4829
5160
5414
7040
7091
2161
822
5736
1886
2649
2844 5762 6043
3334
3496
3825
3985
4412
5809
6066
6258
414
1617
2892 5485
6148
836 1309 6156
3685
3747
5159
1781
2968
3461
1756
3948 5658
5372
5432
6339
4672
163
1276 4669
4037
481 2095 5083
1851
4926
5345
7013
753
4767
925 7422
1253
2383
3974 4034 5180
4140
5137
6295
2695
4038
7010
7123
7416
7420
127
5828
1874 6024
3152
3913
4978
5518
5594
6680
31
3092 4541 6206
3432
3881
4405
5115
7400
7577
1127
2062
2564
3164 4104
3418
4158
4629
5060
7594
417 583 767 1078 3176 5335 5919 6067 7014
421
450
688
716
6958
1189
1502
1693
2297
2693
5890
3163
3480
4302
6658
6772
6827
7098
7169
1994
2278
2552
2644
2789
946 1832
1815
2684
5134
3673
4052
781
1070
1248
1895
2518
2710
3814
5885
6802
95
126
1083
1768
2280
3423 7349
3630
3641
5284
7115
7286
7248
161
448 1737 3472
831
6970
1416
6572
1764
2430
2604
3114
4388
5444
6122
2104
2109
4789
6080
5200
5213
1605 3878
1640
5193
6990
232
479
763
3543
2941 3816 5451
3161
3512
3533
3971
4074
5141
6009
7017
1441
1621
2505
2639
2772
4934
3567
3904
7258
756
2051
2078
3219 4637
5752
6396
7183
1027
1102
1288 3704 4350
1582
3708
4193
6645
6657
1995
674
3875
4790
5984
7410 7436
7496
281
645
702
1844
2395
6717
233
302
1493
1507
1685
6525
3405 3910
4466
4711
7599
748
5954
7278
1862
1935
3524
6275
757 3769 6621
1001
1140
2988
3887
3917
4907
6861
262
791 3189 3498 4234 7265
1462
1688
2024
2356
4143
4891
6333
6529
7171
556
1880
3194
3350
3384
6070
6309
1574
2485
2821 4163 5757
3407
4161
6461
7321
6830
7164
6955
1042 1779
2481
2833
2878
3918
4272
5649
37
1039 7565
1783
2824
3774
4116
4373
4508
4849
5647
7269
2681
5204
6252
6797
2587 5408
3594
3637
4402
4408
6554
7156
349
652
969
1450 3844 4903 6316
2729
3912
4509
4844
4878
6985
7397
1103
1135 2574
1831
2009
2514
3478
4398
4623
5075
5146
6639
5797
6350
6624
6688
7388
1210
1736
1819
1989
2102
3113
6828
6200
7542
809
1209
1261
1292
1818
1878 3022 5304 6235
3861
3862
4685
5011
5520
7426
15
131
2610
6181
1721
2288
2636
3068 3808 7194
3872
4213
5043
5296
5328
5415
7596
2550
2989
3882
4083
5313
5873
7325
508
1268
2794
4932
5683 6544
6013
411
1284
1591 7202
4097
5619
7532
963
1002
1016
3438
4437
4822
6323
2050 3864
2658
3155
3396
3674
1494
3316
3380 5623 7534
4387
4610
4913
6531
6566
1073
1481
1932
2180
3151
3422
5822
6072
7029
7242
284
933
554
5871
1420 3355 3404 3743 5230 6262 6699 6860 7531
2774
2231 2726 3072
2676
3578
4929
5151
6460
6844
7587
10
1333
2384
4263
5560
5768
6491
7360
735
1359
1678
2987
4755 5869 6909
5236
5412
643
959
1604
2555
3778
3837
3943
5763
5947
7229
1638
1697
1751
2436
2701
3836
4212
4224
6340
7312
187
420
1488
1748
2236
2685
2732
2750
3047 7548
3166
4237
4498
7543
5670
4114
4754
5259
1190
1312
1883 3997
2026
2201
3675
4068
4821
6335
6649
6708
6741
3995
2097
2449
4945
4993
5609
6504
689
2219
2419
3023
3572
4259
6238 7458
2013
3993
7053
1182
1510
2539
3223
6006
21 7592
1790
2060
2293 5214
7529
3294 5097
4327
4529
5373
6171
7425
1854
2417
2807
3284
3739
5886
1868
4278
5732
6130
7320
6598
4592
1987
4769 7555
252
451
632
1277
2652
3257 6281 6743 7583
5078
7263
551
685
749
4367
2045
2631
2985 4868 5051 5481 6590 7538
3178
4504
4593
4662
4742
4883
5150
5439
6815
207
2126
3797
4911
496
1545
1718
1770
3096 4178
4214
4500
4542
7250
73
101
2348
363
826
1259
1731
1963
2234
2922
3170 4606 5455
4254
4716
6910
6528
6873
927
2341
4180
6408
5638
5946
6279
6535
7133
1378
2276
2440
2899
3360 5398 7509
3947
6903
7448
444
772
867
1023
1762
1777
1793
1847
2253
2655
3259
3953
4231
5931
6403 7340
6696
139
7282
1546
1962
2073
2340
2854
3104
4750 5161 6278
5993
7130
190
2275
4002
4534
4759
6392
5724
1856
4791
5632
82
6266
6346
7113
1458
2039
4876
5190
4012
4436
4671
5945
4511
22
2259
5292
4228
7568
3128
3859
3441
4
806
7414
1983
5320
7338
5720
4050
192
5678
7071
7564
3024
5802
3718
416
3177
5456 6433
2581
7074
1809
3785
2832
55
7350
6558
1219
5401
6226
6436
2488
5202
6457
6571
6029
476
819
4057
4735
6120
6233
6575
235
4364 6125
4460
1632
3456
1747
2264
156
2471
5795
6950
2623
5355
1383
3102
5974
6876
7087
360
2017
3858
3956
5704
2093
3937
7393
1608
1708
3725
59
224
1234
2834
3442 3659 4646
7367
2853
2887 7570
6445
3062
1813
2296
2857
6011
7244
1053
7228
436
7461
821
2409
5528
5950
4820
5769
2012
3076
2163
3610
1537
2724
7004
1593
6117
3110
7324
1837
6450
3731
886
2618
4409
4085
1615
6132
4270
4889
6944
5621
1030
1217
4396
6530
3127
3571
2773
4098
7138
353
1187 1745
2712
2747
5201
6934
1062
4979 6451
6947
7379
6184 7477
3330
5857
1993
2910
3392
1964
1899
2246
4998
5908
7313
3538
2192
4127
5264
5547
6303
6852
215
3616
4447
5055
671
1798
4093
5582
5859
7233
1122
2374
5277
5482
1947
7245
4651
5409
5571
5810
6260
176
261
3666
4066
2595
6746
4296
4342
4503
5152
5563
6371
3181
4679
2872
4900
5149
2347
4490
6606
7216
4551
2890
5096
6325
5952
7025
1967
5038
6173
149
200
514
1318
1515
1633
1672
2382
3646
6611
7439
1020
3537
3954
4461
5343
2107
1215
2408
205
2542
3049
6591
7585
1243
6386
4838
6284
6476
4039
5309
5310
18
357
2211
4818
354
6972
1733
2627
5324
6540
6008
1637 6937
2031
3045
5101
230
348
2407
3781
4657
6112
6452
6989
5839
495
4965
1599
2249
2740
4756
5734
7287
991
4206
4358
533
2423
5094
7143
269
3592
712
5181
6249
1296
3941
304
375
431 4775
2216
3283
4304
7343
2513
2823
5531
608
4337
7112
6271
1155
1754
2934
3222
4571
4745
6242
6857
364
388
1005
6042
3012
1074
636
3228
6859
1789
2737
4999
6487
6662
442
1282
2018
6179
7418
105
2220
5813
5853
7011
2752
3067
7068
458
478
1683
3077
3210
4930
668 1575
1311
5530
198
908 7487
2165
4181
4392
4795
459
499 1959
754
1757
5830
2260
7157
1365
2115
4360
5365
6257
6411
5916
266
4599
5341
3286
5044
6015
7075
1845
4333
5882
1352
1484
5644
5834
3282
3871
1717
1881
2368
5475
5980
3386
2764
4189
531
654
4706
4732
6005
6804
7315
532
1473
2289
5480
565
3412
1369
5574
6364
4286
4832
5477
1224
6318
573
759
6833
618
701
3383
6124
2519
2953
3711
4578
4655
957
2909
4368
6838
578
5653
3414
3440
7262
7408
1164
6456
2913
2484
715 4917
1246
2445
3720
356
1287
1724
2718
2996 3424
3278
3326
5114
7510
6040
681
1882
2314
4467
6930
226
881
4376
6665
7339
704
1133
3107
4524
5077 6297
962
5474
6194
1021
4667
5383
5441
1105
4129
5971
830
897
2082
2925
4249
4951
5015
6023
6893
1198
2402
3950
6503
7429
338
793
7359
4914
6518
7337
120
604 1123
7093
2392
2528
2799
3597
4981
766
1007
1795
3450
3719
4986
1454
5699
4094
4345
5119
6365
6567
6917
774
1110
5898
5852
6018
7031
2711 4135
3340
4968
698 6061
1618
1013
6856
2809
6728
859
4301
390
4064
5794
6472
6845
939
4061
5066
5600
2846
557
3643
4138
5298
6085
857
1712
4157
4276
6111
1089
1427
2128
2148
3676
3775
6810
1121
1338
2134
4918
5590
7600
2506
4574
4614
4419
6269
585 5426
3689
4108 7502
6264
6986
762 2070
953 6287
4456
4970
5255
5289 7522
965
1214 5257
3201
5074
648
3631
4990
2836
6781
7217
2153
6646
567
788
3591
1689
5125
255
1137
4757
929
3488
5709 6570
6191
1144
1568
1787
6413
3129
4920
6183 7214
879
1381
3060
3079
4232
7128
579
987
2299
4416
727
1305
2713
4210
5367
5539
3942
1174
6574
673
3500
3901
102
3125
3458
4006 7363
5942
1069
1691
2551 7145
4700
5983
510
7174
1598
1945
1952
3015
3604
3876
4315
5631
5754 7440
6783
6483
3121
7470
1099
2663
3699
4422
846
4587
2667
3369
3987
6211
3462 3671
4459
4521
1113 6479
2463 4092
3982
5595
719
7514
3029 5251
3377
3679
5460
81 3998
4899
2792
6103
6349
7005
1117
1230 2486
5196
6270
3105
3650
7028
3700
3866
6595
6453
4449
4806
6583
109
1240 4632
1707
2963
4488
5577
1534
1626
2119
2842
3043
5498
1654
7019
1566
6060
1641
3234
4434
5126
456
1576
4243
4577
7447
1674
1849
3108
5636
6537
3590
3818
4808
4582
5796
1610
1648
2546
3394
4242
4779
6337
3038 3213
469
1680
3784
2142
2927
3585
5832
892
2755
3946
6941
7141
1398
1554
1719
2396
3256
5726
7299
742
2088
2901
3193
7187
7472
1763
1806
2984
4836
5729
7106
7342
978
1112
1726
2194
5004
1836
4386
5656
7139
7489
58
273
3338
3656
3771
6789
6536
3624
4615
7102
2614
2762
2924
3269
6586
4689
5002
5026
5104
6128
6189
6750
7517
1900
1992 3696
2177
3211
6174
7547
1179 3020
3073
5841
1024 2914
2825
1657
4729
2503
2948
3249
4816
5727
2344
2661
2769 3337 5041
2990
4630
6406
1662
2066
2398
2697
4764
6304
7077
1101
4589 6499
1824
4274 6908
4336 7518
1841 3268
3717
4191
6017 6444
1006 5107
3623
572 4004
3508
1532 3285
3474
7082
2092 3860
3880
7467
1337 2055
4819
6012
6246
4463
4963
7468
1478
4269
5380
5693
3345 4785 6362
4576 4607
5564
6380
3636 3869
6959
86
1295
5719
4697
4949
6911
7135
7465
3167
3726
4881
1241
4132
4177
4955
5340 5356 5378 5891
7059
394 4925
6341
6643
2167 4658
7443
1
130
7199
3148
4216
6794
1363
5349
5543
2282
3323
1911
4738
5294
2849
2378
6059
6104
6154
2720
2158
2757
550
5449
890
6835
7524
3921
7076
6820
1202
6961
3579
4479
575
1491
4870
51
553
2230
432
6046
1957
5759
4538
5514
660
1349
3629
2775 4195
6640
940
3232
7432
3945
2538
4964
63
1366
587 1272
5319
352
1870
4603
87
2780 3400
3356
6527
7306
7435
2593
3763
454
3260
6817
1495
667
5819 6679
7401
5765
7450
107
2307
3058
4009
60
842
3765
4413
4771
7200
2515
1914
4137
736
2666
1684
7129
4091
4956
7056
7356
123
3406
5550
6367
2586
4036
4003
7345
628
2915
5325
7499
1982
2728
7188
2605
2945
3010
2674
4362
6745
950
3534
5777
1490
4533
6382
6965
1320
2316
2416
5131
350
706
6623
5959
1846
4896
1088
2805
3014
4347
6079
7589
1254
7279
2202
166
601
2869
4959
6075
1464
1668
2127
3463
4985
6671
4215
2371
4170
6166
5111
7101
174
2782 6698
3728
4245
3644
4793
6139
188
2437
3890
4103
4483
1141
1560
5462
2946
5157
1134
3823
6749
638
3246
5046
6936
1998
2885
1802
2584
6714
5635
203
7311
3792
3365
2521
5583
216
5353
6927
445
4069
3065
6846
662
1842
4175
5941
6302
1942
6834
2993
6146
2343
4115
5207
6913
7319
5291
2570
2118
1524
3722
2662
6021
1188
2272
2477
4854
5881
116
6098
5893
1226
5661
6600
2087
7396
2962
4908
318
6175
5276
626
5955
6524
358
835
5302
1936
2612
6138
258
739
1376
1522
3238
3553
400
2991
5884
6557
4005
6642
3849
5235 5250
1585
4465
6484
1406 4696
3930
7331
3507
2157
434
577
983
1203
1460
1905
5388
717
5965
4142
6407
1702
4977
6661
1176
1867
3839
7297
672
2204
2543
6724
446
6376
6753
594
3521
4805
6121
692
1347
1526
2665
475
2460
2200
3528
511
4027
4190
7369
1828 3054
2351
3523
3680 6912
1044
3372
4843
907
5071
523
2549
3471
4931
3633
5076
3433
1917
5969
4401
2207
5470
6068
568
4151
1114
1592
5611
3445
6922
1435
3647 5576
7409
247
2464
6960
5393
5589
2699
3188
6982
2796
3574
680
3830
1130
1317
3231
236
2942
135
4404
6901
714
2350
4946
5505
3044
3634
799
4146
5443
812
1791
2075
619 2788
814
1308
7176
368
3908
4741
4628
2452
2876
4048
898
2512
3018
3724
4664
5023
6455
7142
548
7437
905
4510
2682
4025
6562
1335
7271
1876
3267
4285
4565
2935
5003
5483
972
2313
2362
1194
4291
5287
7094
2170
5267
1850
7220
93
976
1512
6178
6488
16
984
5306
6769
3025
3332 5864
3559
4855
1004
4330
1095
3752
1630
3296
5064
5293
7423
4901
7018
1115
2083
3311 7328
3157
2002
6885
1192
4733
1552
2306
4096
1289
2671
3847
1152
5232
5742
6151
6977
2735
6678
1380
2975 4354
4472
1339
1428
5515
6691
7095
1433
1619
1925
2642
6449
1501
3742
6133
1459
1729
7527
1547
4211
2973
2620
1749
2375
2967
6514
2664
5049
5633
555
5165
2698
3447
5970
6703
1273
3852
6089
1805
3093
3375
5018
6150
2358
5198
2690
6010
7505
384
1743
4777
7189
1765
2982
5899
6196
6118
6370
1873
3056
3625
48
5129
5145
6065
6988
2508
5047
6170
777
2822
2882
3575
525
5379
5997
6036
6056
7453
6244
877
5370
5766
5903
1961
7551
5578
872
3277
1094
4701
201
2037
391 1221
1469
1620
1709
2433
1555
2053
3420
1414
6603
2138
4519
5585
967
2756
7399
2046
2176
4374
5994
6097
1666
2812
6412
4987
2113
2283
3297
5022
5937
6123
5170
7293
1118
2400
7035
4452
1160
2771
3302
5286
6515
2537
2725
5856
64
379
516
4141
334
2777
2850
5448
3598
7127
234 5900
2569
2931
4055
4262
5337
3513 7511
5867
132
466
1773
4283
5278
3884
3963
7136
828
3541
4018
4293
3133 3395
3426
4713
2801
3581
906
1204
1769
500
3410
3735
4813
4874
4580
7372
2556
3083
3905
1283
2381
5827
3990
5668
1382 3184
2760
2957
6096
995
1270
482
862
1138
4570
4898
1125
1132
2766
865
2680
4070
5960
1711
3542 7507
4803
750
1245 6618
4877
732 796
1920
5095
2490
5154
1755
4556
3798
5182
5188
393
2716
4227
6596
2730
4389
4441
5511
6359
7012
320
322 3606
4289
422
6190
1692
3021
6326
7352
1037 3988
6625
7354
222
253 3435
1544
4443
5703
1946
5676
6656
2482
4537
25
5800
1307
4339
5084
5282
74
1642
6612
3288
3870
5322
1690
5303
4904
427
522
2495
1891
144
199
2277
4668
1872
1785
5706
3391
4110
5799
6508
2496
4063
5243
5557
5240
3661
7107
4164
6402
824
4426
6486
7314
7347
218
3999
7203
4075
563
4391
301
397
1304 4635
2197
3111
2826
1353
4078
4847
402
7481
6589
294
5271
472
4497
2435
6778
7062
2744
6394
3491 7484
4247
6004
3280
4601
6904
3914
1379
5392
3293
6073
599
2232
6251
797
4905
7270
5033
1848
3212
1826
5420
5848
103
792
2385
1410
6347
3381
4714
7277
6602
1222
1538
1108
5090
5715
787
4708
4936
6674
7026
519
2950
4958
6755
5382
7520
5199
3497
7256
3525
4875
6482
4872
920
6585
2427
3252
1082
4698 6685
415
1087
5123 7179
5815
7120
3279 5645
3354
5598
7438
5722
1124
2859
4933
1040
6692
4585
171
3191
945
3932
7573
1327
5144
1153
1596
3829
4011
4850
6878
7304
1587
6145
1944
4796
5510
3215
4217
6594
5627
5688
158
1430
2261
2806 4595
3136
4778
6855
7266
4153
6593
5452
6137
7492
3368
3812
3721
7152
1060
6668
2338
2621
4375
2156
4102
1661
2783
3390
3695
552
1706
2625
195
3865
4617
1742
2497
6495
52 2401
3272
2064
7550
335
2366
2425
5825
2596
5614
5728
5771
5061
274
6868
2659
1974
7137
996
5610
1817
4687
177
7090
7243
5089
2195
4198
640 5910
7323
630
2069
2318
1417
2326
3357
5221
869
878
6865
4884
2034
4857
401
1943
1720
641
2160
2411
2547 4544
4531
7024
69
4119
875
4076
5824
2273
2739
512
3760
2210
3607
3973
1578
4310
6115
7554
3053
4418
848
1065
2041
3069
7381
839
2132
6426
6832
808
4453
4118
5672
6923
1178
5743
7079
1927
3063
4322
4133
7096
7252
1344
1479
5225
1913
7221
2668
1350
3621
1404
3016
6420
1955
4019
5226
6102
3224
5708
2877 6751
4086
6939
2761
4238
4598
5840
1048
4111
4555
6617
2779
6290
2319
5053
1607
6837
1834
1012
1128 4349
3889
4021
2966
6418
6312
1894
6314
889 1973
3464
7069
7581
2077
3003
3270
5681
1064 5831
5849
4107
6801
6045
6074
1990
2033
2352
3868
3529
4394
1766
6978
1343
2255
3851
6428
589
1389 2106
6807
439 6843
2847
570
1084
3009
725
1822
4264
5823
6782
6914 7530
2330
5428
7479
3741
7344
3371
1079
6039
2500
6202
3600
4984
66
6619
5889
3740 5283
5639
280
6310
7513
7173
2731
1969
225
5391
2845
2947
966
2131
4799
4241
5641
885
286
2759
5973
602
1597
2588
5850
1890
4348
6879
260
1625
202
5575
2124
4502
1885
2426
5496
5073
4573
646
2186
4095
782
4001
2648
4008
6995
2504
5228
6467
1429
3169
3705 5552
6114
5548
6432
1000
3050
4536
1236
3200
1556
2540
1966
784
2181
5782
4246
6654
4897
5546
1509
5760
3443
4792
6159
2252
4313
6906
2446
6628
7032
1734
3243
3968
7213
2965
5233
1011
6652
7253
5836
2243
5696
4319
7526
4446
1466
5241
264
3415
4784
7126
856
4988
3034
2080
2084
7305
6979
1740
5113
3084
3487
3299
3287 7148
291
3649
5870
2970
4370
2640
7368
1784 6048
7457
4318
150
46
6532
6369
845
4602
5377
2007
3041
6765
5829
6317
6063
5584
1148
4323
5826
5917
47
1085
45
2035
6631
5643
728
2980
3202 3701
1929
212
5305
4660
4902
5604
6014
2122
6234
2797
5288
6430
2339 4014
2166
3460
7016
1808
855
1271
5290
2601
2816
129
2632
4953
490
4197
6798
2431
4369
2397
5281
6381
2265
7395
866
3080
6786
546
896
4073
6094
6505
2510
1753
3281
5381
4331
366
5702
1058
6149
6945
4271
1877
2930
7084
184
5605
5541
4134
142
2651
5516
3944
443
2592
6884
1247
6996
7462
7124
7523
4515
6087
4675
3522
3991
97
6523
6809
125
1923
627
1055
3239
6684
7483
7430
795
932
5617
4194
6256
267
211
2874
606
1835
1776
3051
3790
461
3402
2972
1022
1830
3620
7376
2926
5717
313
911
1531
91
1415
2647
3651
1506
4059
1988
6315
5948
4864
4654
6383
3457
6854
1774 3398
1400
1104 5718
3230
5423
5427
3737
2357
4674
4746
6997
5461
3789
3101
2196
4563
820
5860
7302
2917
2011
3271
3828
310
921
4557
5894
3733
1523
5068
4613
6496
1517
1904
2955
2891
5135
6542
6391
1255
5195
7371
491
6697
4124
5767
6608
1015
6248
276
624
5005
248
3780
1172
7541
1728
3362
4208
5874
6737
2606
5628
1049
6180
613
7081
3949
6693
1334
1211
5407
3343
6686
4084
4139
2389
1457
2067
6513
1664
5008
6500
5817
506
5484
3248
656
493
3793
1703
3764
4972
3017
5506
1981
2238
7455
1508
3319
4042
3986
4250
1394
2582
6609
2529
3833
5121
4112
5081
3514
1106 3254
4526
2905
3235
6199
666
4365
4770
5421
477
3992
1294
2390
5920
6919
3289
5537
1931
1616
4564
278
4343
2355
2573
5748
4255
4825
2179
7170
3126
6763
208
5905
1888
1498
2135
6555
6722
3130
1168
789
404
2208
29
6758 7065
7015
30
7348
2870
7488
2467
4645
4966
504
6022
1984
6588
5249
285
7209
4379
6858
84
5311
5334
7309
4306
3295
3241
2837
5629
2203
2349
5944
5525
2032
5558
3370
3203
3612
3409
840
6415
6824
6143
2599 7219
6748
6474
330
4600
2057
4760
5620
5603
6195
832
5404
870 6650
5986
1727
2920
7355
2215
2418
1212
153
934
7197
5434
4866
4604
279
5921
79
2894
4919
6501
2258
778
621
4492
1071
5167
1814
1028
5675
2422
2336
1939
340
2758
2656
5403
1216
4560
952
7006
6201
713
4307
1357
1068 3899
3240
4690
944
6440
78
311
6095
2022
595
4171
4794
1163 5975
7370
7521
5522
2999
6454
2218
913
4916
7008
989
7161
3162
2023
3664
185
3255
4937
2310
1948
5270
2178
4841
1332
1679
328
4831
6768
6160
5913
6273
5573
7215
2185
1421
6734
4176
4403
5502
6795
2579
54
4165
3027
4517
5790
6847
3766
6576
5780
4494
5509
5034
928
3427
4332
6826
473
4352
206
141
3665
4885
683
2302
7389
71
6713
1235
661
6081
1010
4341
5363
6550
2831
1670
2151
277
3373
6974
7236
3834
6419
7223
6702
528
6361
5532
7121
1285
5436
6732
4543
2598
1496
586
6811
768
5821
6747
3466
181
1978
43
6144
2438
7254
254
4686
6752
7485
2474
5406
5655
5120
4072
4381
6926
6673
5280
2372
6690
520
3984
1725
2468 4303
542
3929
1858
7201
3669
1183
1646
3208
3980
1151
2144
1397
5569
6054
6984
268
3310
4071
6546
3787
2562
5085
6867
6224
3499 7303
5524
3106
6881
250 297 591 973 2054 2458 3668 5219 5684 5964 7361
4798
2889
1455
2686
5880
871 3366 4781
4506
6493
4444
4921
7377
5725
2335
904 7061
474
4980
2191
2325
4411
4372
6327
697
6632
5110
1453
4324
3444
770
1391
7491
1093
3075
6053
7064
2904
3233
6507
6791
4335
7193
1162
26
5744
6894
7452
1136
2820 3449
804
775
758 6573
1624
5818
1567
3754
4482
6084
823
3265
164
3677
5554
1601
2147
7330
6489
2228
2793
1651
4752
6948
1057
2979
4950
3013
3891
3397
4915
96
3794
3490
7134
2212
2577
4888
42
4736
891
2209
4439
3180
270
1367
7060
4105
1159
721 2839
219
1723
677
5216
695
7413
1278
2237
3723
4148
4172
5307
5139
6354
690
2125
5843
1471
4663
2602
3413
90
3186
4941
574
3898
6739
257
6849
2928
4528
7419
2184
2091
562
3052
5067
1771
1600
4624
1097
7346
6131
5568
3419
5749
2643
4833
6245
7292
6634
2856
4588
3615
5458
3595
4648
7387
6533
4024 5735
6949
6322
1258
1034
1893
876
4340
5223
1181
5208
5100
6431
3011
7597
3755
2461
5967
834
964
3959
543
999 6928
228
3300
699
6172
7362
1588
6158
303
5105
4424
1354
2149
1275
4699
4545
4753
2133
4886
2523
650
2432
4893
4682
4287
1919 2428
7298
2786
3936
1185
635
3759
968
1898
6343
5238
4807
3071
5909
4740
4248
2923
6771
4597
2683
988
833
7375
309
4609
527
5252
2675
5634
7441
4101
6599
13
764
5907
1045
1418
5402
3958
5996
5669
3690
6872
5553
403
5024
1447
437
2010
6729
6675
6028
3576
4051
1061
5417
2873
3883
5844
623
1092
6637
7474
1671
6710
5178 5958
5326
1580
3547
2182
4357
785
1991
5234
3920
1465
4727
3895
7574
5612
5450
6368
7421
3885 5054
1116
5666
1840
1999
5961
5338
1336
6605
4627
6790
2691
1142
7160
5265
2214
1393
7204
1250
3805
2657
843
3796
7225
7473
7296
7153
5697
6672
6468
6736
2875
6400
3596
7341
2162
3408
6311
4455
1701
4473
6607
44
7230
1950
2342
5079
7588
2545
6116
2791
6498
1208
3502
6999
2292
4265
3841
502
7168
5082
4763
3857
1477
6635
193
6943
462
6475
4867
2898 4656
2248 3552
1572
1533
9
5059
5587
6338
2315
7464
3817
3962
1075
2365
6577
5058
5352
5197
6230
2843 7283
2534
5025
6177
3199
2814
2520
5618
5774
5394
1412
2324
2893
3476
1297
6761
4406
3772
1499
4382
7030
3055
5116
3140
6152
3229
6101
1788
3138
2763
2624
3716
3475
5122
5127
1543
3019
6569
3089
1861
