2 5 8 10 14 17 23 26 28 29 32 38 39 40 42 43 44 46 47 48 49 50 51 52 53 54 55 56 57 58 59 60 61 62 63 64 65 66 67 68 69 70 72 73 74 75 76 77 78 79 80 82 83 84 85 86 87 88 89 90 91 92 93 94 96 97 98 99 101 102 103 105 106 108 109 111 112 113 114 115 116 117 119 120 121 123 124 125 126 127 129 130 131 132 133 134 135 136 137 139 140 141 143 144 145 146 147 148 150 151 152 153 155 156 158 159 161 162 163 164 165 166 167 168 169 171 172 173 175 176 177
6 7 11 12 18 22 34 35 37 104 107 118 122 154 157 170 174
31
19 21 25
13
1 9 30 41 71 95 100 110 128 138
27 45
3 4 15 16
81 142 149 160
24
36
20
33
