57
8
35
20
36
24
21
33
13
11
118 122
12
34
41
45
126 133
25
81
142
1
5
3
7
9
30
27
31
168
87
37 170 174
173
23
104 107
110
114
18
71
75 80
76 78
22
32
148 165
149 160
154 157
14
59 62 65 68
61 64 67
10
55
119 120 123 124
56
58
166 167
6
101 102 103
46 47 48 49 50 51 52
137
26
116 117 121
82 83 84 85 86
143 144 145 146
2
39 40
16
28
53
29
135
136
125 132
128
138
147
169
88
38 171 172 175 176 177
105 106 108 109
111 112 113
115
17
19
70
96 97 98
92 94
99
100
150 151 152 153 161 162 163 164
155 156 158 159
15
60 63 66 69
4
127 134
54
42 43 44
129 130 131
139 140 141
89 90
91 93
95
77 79
72 73 74
