1 4 5 7 8 10 12 13 14 15 16 17 19 20 22 24 26 27 29 30 31 32 33 36 37 38 39 40 41 42 43 45 47 48 49 50 52 57 59 62 63 64 68 70 72 74 75 76 79 80 82 83 84 85 86 87 88 91 92 93 94 95 96 97 98 102 105 107 108 109 110 111 112 114 120 121 123 125 126 128 129 130 131 135 136 138 139 141 143 144 146 148 149 150 151 152 154 155 158 159 162 168 169 170 171 172 173 174 177 179 180 181 183 185 188 189 191 192 193 194 196 198 199 204 208 209 210 211 212 216 220 222 223 224 225 226 227 229 230 234 235 236 238 239 240 243 244 245 246 247 248 250 251 252 253 254 256 257 258 262 263 264 265 266 267 268 270 274 275 276 278 280 281 285 286 287 288 289 290 291 298 299 300 301 302 303 307 310 312 313 314 316 317 318 319 321 322 324 326 328 329 331 332 334 335 336 337 341 343 344 345 347 348 349 350 351 353 354 357 358 359 360 361 363 365 368 370 372 373 380 383 386 388 391 392 397 398 400 402 404 406 408 409 410 415 416 417 418 421 422 425 426 427 428 429 430 431 432 435 436 439 440 441 442 443 445 446 447 450 451 453 454 456 458 460 461 462 463 464 467 468 469 472 473 474 475 477 479 482 484 485 486 487 488 489 490 492 494 495 497 498 499 501 502 504 507 508 510 511 512 513 517 518 520 522 523 524 526 527 528 529 533 536 538 540 541 543 544 545 548 549 551 553 554 557 558 559 560 562 563 564 565 566 570 571 572 574 575 577 580 581 584 586 588 589 591 593 594 597 598 599 600 601 602 603 604 605 606 607 608 609 610 611 612 613 614 616 617 619 622 624 625 627 628 629 631 635 636 639 640 642 644 646 647 648 650 651 654 657 658 660 663 666 668 669 671 672 673 676 678 679 680 683 685 687 689 690 692 694 696 698 701 702 703 705 707 708 710 712 713 714 715 717 718 720 721 724 726 727 728 729 730 731 732 733 734 735 736 738 740 742 743 745 746 749 750 751 752 753 754 756 757 758 762 764 768 769 770 774 780 782 784 785 787 790 791 792 793 794 795 799 800 801 802 804 808 810 811 812 816 818 819 820 822 824 828 831 833 835 837 838 839 844 847 848 849 850 852 853 854 857 861 864 865 866 867 869 870 871 873 874 875 877 879 880 883 884 886 888 893 894 895 896 897 899 900 901 904 907 908 909 910 911 913 914 917 918 919 920 921 924 926 927 929 931 933 934 935 939 943 948 949 956 959 960 967 968 970 972 973 974 975 976 977 979 983 986 987 988 991 992 995 996 997 998 999 1000 1001 1003 1007 1010 1011 1012 1013 1016 1017 1020 1021 1022 1025 1027 1028 1029 1032 1033 1035 1036 1037 1041 1042 1043 1045 1046 1047 1051 1052 1053 1054 1057 1060 1061 1062 1064 1065 1070 1074 1075 1076 1082 1084 1085 1087 1088 1089 1096 1097 1099 1100 1101 1102 1106 1107 1110 1111 1112 1113 1114 1115 1116 1117 1119 1121 1124 1126 1131 1132 1134 1136 1137 1138 1139 1140 1141 1142 1143 1145 1146 1150 1151 1152 1155 1156 1157 1159 1160 1164 1167 1169 1170 1172 1173 1174 1175 1176 1177 1178 1179 1182 1184 1186 1187 1189 1190 1193 1195 1197 1198 1201 1204 1206 1208 1209 1210 1211 1212 1213 1214 1215 1219 1220 1222 1224 1227 1228 1235 1236 1239 1240 1244 1245 1246 1249 1253 1255 1256 1258 1261 1267 1269 1270 1271 1274 1276 1281 1282 1284 1285 1290 1291 1295 1297 1298 1299 1300 1301 1303 1305 1306 1308 1309 1310 1311 1312 1316 1318 1319 1321 1324 1325 1327 1328 1332 1333 1336 1342 1343 1344 1346 1350 1352 1353 1354 1355 1356 1358 1359 1360 1361 1363 1365 1367 1371 1373 1374 1375 1376 1377 1378 1381 1383 1384 1387 1389 1390 1392 1394 1396 1398 1400 1402 1404 1405 1406 1408 1411 1413 1414 1416 1417 1418 1420 1421 1422 1424 1425 1427 1429 1431 1432 1433 1435 1436 1439 1441 1442 1443 1445 1446 1448 1449 1450 1451 1456 1457 1459 1461 1468 1472 1473 1474 1476 1478 1479 1480 1485 1486 1487 1490 1491 1492 1494 1497 1499 1500 1501 1502 1503 1505 1506 1507 1509 1513 1514 1516 1517 1518 1519 1520 1522 1524 1526 1527 1528 1529 1530 1532 1537 1538 1540 1542 1544 1545 1546 1547 1549 1550 1551 1553 1554 1555 1557 1559 1560 1562 1563 1566 1567 1569 1571 1573 1576 1578 1579 1583 1585 1586 1587 1588 1591 1592 1593 1594 1595 1598 1601 1602 1603 1605 1606 1608 1611 1612 1613 1615 1616 1617 1618 1620 1621 1627 1629 1631 1632 1635 1637 1639 1644 1645 1647 1650 1651 1652 1653 1654 1655 1657 1660 1663 1668 1672 1674 1677 1678 1679 1680 1681 1685 1686 1688 1689 1691 1692 1695 1697 1699 1700 1703 1704 1705 1708 1711 1712 1713 1716 1717 1718 1722 1723 1724 1725 1726 1727 1730 1731 1732 1733 1736 1738 1739 1741 1745 1748 1756 1757 1759 1761 1764 1765 1766 1767 1768 1772 1773 1774 1777 1780 1781 1782 1784 1785 1786 1791 1792 1793 1794 1796 1801 1802 1803 1805 1806 1807 1809 1811 1812 1813 1814 1816 1817 1819 1823 1824 1827 1831 1833 1835 1837 1840 1841 1843 1845 1850 1851 1852 1856 1858 1859 1860 1862 1864 1865 1866 1868 1869 1871 1872 1873 1875 1877 1878 1879 1880 1885 1886 1892 1895 1903 1904 1905 1914 1915 1916 1917 1920 1927 1929 1930 1931 1934 1935 1936 1939 1942 1944 1945 1947 1948 1951 1952 1953 1954 1959 1961 1963 1964 1965 1966 1967 1968 1971 1973 1974 1978 1979 1980 1988 1991 1992 1993 1994 1999 2000 2001 2003 2004 2016 2019 2020 2023 2030 2033 2036 2038 2042 2046 2047 2050 2053 2055 2060 2062 2063 2064 2065 2067 2068 2073 2074 2077 2078 2079 2088 2090 2093 2099 2100 2101 2102 2105 2107 2109 2110 2113 2114 2115 2117 2121 2122 2127 2129 2130 2132 2138 2142 2143 2145 2147 2148 2149 2153 2156 2157 2164 2167 2170 2179 2182 2183 2185 2188 2194 2199 2201 2207 2208 2211 2215 2216 2220 2228 2230 2233 2243 2248 2249 2251 2252 2256 2259 2263 2265 2268 2270 2272 2274 2275
3 6 18 21 23 35 44 56 58 65 69 73 81 89 99 101 103 104 106 113 119 127 133 134 140 153 156 157 160 164 166 167 175 178 186 195 201 202 203 217 228 231 260 271 272 273 282 284 292 293 295 296 304 315 338 339 342 366 376 377 381 382 384 385 390 399 403 412 413 414 437 448 449 452 471 500 503 509 514 519 530 535 539 546 555 561 567 569 576 583 590 595 630 632 643 645 655 659 662 674 681 682 686 697 699 704 706 716 722 723 744 759 776 778 781 783 786 788 803 806 813 815 821 823 825 826 832 834 840 841 845 855 858 860 862 872 885 889 892 912 915 932 938 946 953 958 969 981 985 1004 1006 1008 1015 1023 1030 1031 1034 1038 1039 1044 1048 1049 1050 1056 1059 1068 1069 1072 1073 1077 1079 1083 1093 1095 1109 1120 1123 1127 1130 1135 1149 1154 1161 1165 1181 1183 1191 1194 1196 1200 1205 1207 1216 1217 1218 1229 1234 1237 1241 1243 1247 1250 1257 1260 1263 1265 1268 1272 1273 1275 1278 1280 1283 1288 1293 1294 1302 1315 1326 1329 1331 1337 1338 1339 1348 1364 1366 1369 1370 1379 1380 1382 1385 1386 1393 1395 1419 1423 1434 1444 1447 1458 1460 1462 1464 1465 1469 1471 1482 1484 1489 1504 1508 1510 1512 1515 1533 1534 1541 1543 1561 1575 1577 1580 1584 1590 1596 1597 1599 1600 1604 1609 1610 1622 1628 1633 1636 1638 1642 1643 1646 1656 1659 1666 1669 1670 1673 1676 1682 1696 1707 1714 1720 1735 1737 1744 1747 1752 1760 1776 1779 1787 1788 1795 1797 1798 1799 1808 1810 1820 1821 1822 1826 1829 1834 1849 1854 1863 1870 1874 1882 1883 1894 1897 1898 1900 1907 1909 1910 1911 1926 1937 1943 1946 1956 1970 1972 1976 1982 1984 1995 1997 1998 2006 2008 2011 2012 2015 2017 2018 2022 2026 2029 2034 2035 2037 2039 2041 2045 2049 2056 2057 2058 2069 2070 2072 2075 2076 2080 2081 2085 2092 2094 2103 2108 2116 2118 2124 2125 2126 2133 2140 2141 2144 2150 2151 2152 2161 2168 2181 2190 2197 2206 2217 2219 2223 2232 2234 2238 2239 2242 2245 2246 2253 2254 2258 2266
25 28 55 60 66 117 145 147 176 182 197 200 207 214 218 232 261 279 294 305 306 308 327 333 369 393 396 411 419 423 459 465 466 478 525 531 534 568 587 618 626 649 652 664 665 677 691 719 741 760 763 766 771 796 829 836 846 876 878 890 903 916 930 941 954 962 964 982 984 1002 1026 1058 1066 1080 1081 1086 1091 1094 1108 1129 1144 1147 1158 1163 1180 1230 1242 1251 1259 1317 1320 1349 1362 1391 1437 1438 1454 1495 1523 1552 1572 1589 1630 1648 1649 1658 1683 1690 1702 1706 1729 1758 1769 1771 1783 1853 1889 1928 1987 1996 2024 2025 2044 2051 2052 2083 2084 2086 2087 2104 2120 2128 2136 2137 2171 2174 2177 2184 2202 2203 2225 2269
496 947 1092 1118 1192 1440 1624 1625 1746 1789 1832 2260
2162
46 77 100 122 132 137 184 206 215 219 237 249 259 330 387 395 434 455 483 516 542 620 637 670 693 767 775 928 952 1005 1098 1168 1231 1277 1335 1412 1481 1564 1582 1626 1671 1698 1743 1828 1949 2028
269 481 515 779 1254 1340 1825
1614 1818
297 367 371 374 573 700 842 898 971 1014 1024 1128 1248 1322 1399 1410 1496 1531 1607 1751 1888 1989 2014 2054 2135 2166 2200 2205 2224 2226
2221
277 311 480 506 906 923 950 1185 1467 1634 1640 1667 1684 1728 1846 1985 2123 2229
638 661 887 905 961 1153 1521 1568 1876 1932 1969 2007 2082
980 1292 1372
1641
394
922 2159
532 891 2180
1913
1924
1715
221
1357
2247
2264
1742
1940
1977
2097
843 1962 2032
2089
2021
1289
2213
1334
2250
34 78 116 641 863 902 1162 1232 1314 1488 1498 1565 1693 1709 1749 1790 1830 1881 1958 2119 2131 2240
165 364 585 747 765 798 966 993 1018 1125 1199 1202 1266 1307 1415 1428 1455 1665 1694 1719 1838 1855 1857 1941 1981 2010 2172 2173 2189 2195 2196 2198 2218 2236 2241 2262 2273
936 1463 1762 1990
675
1800 1918 2158
653
945 1847 1975 2163 2165 2231
623 868
457 1483 1844 1848
2209
1912 2261
2267
521 2277
1938
2176
1861
2175
187 340 596 955 1148 1675 1867
537
805 1223 1313 1341 1753 1842 1890 2061 2096 2244 2271
856 1009 1388
1133 1203 1908 1925 2276
2 118 556 817 827 965 1226 1330 1351 1470 1661 1662 1721 1750 1770 1804 1902 1906 2139 2155 2227
1475
2111
2235
1535 1740
2193
547 2257
51 491 1426 1887
1055
667
1901 2146
352
142 1950
2031
807
2210
9 634 1403
205 2204
2066
2178
882
925 1933
1452 2040
1477 2002
356
1171 2005
937
53 2255
777
1067
1188 1815
2059
2154
346 401 493 773 942 951 990 1262 1466 1525 1581 1884 1891 1923 1957
2169
2192
1063
1286 1919
2187
1238
2091
2112
379 684 1409 1556 1836 2095 2098 2160 2214
2027
1493 1899 1922
1921
444 1225 1623 1763
761 957 1548 1570 2222
830 1233 1304 1345 1896
2043
994
61
1040 1778
325
405 582 881 1734 1775
11 54 213 242 255 320 323 375 378 407 420 424 552 656 695 709 772 789 809 963 989 1105 1122 1166 1252 1296 1619 1983 2013 2071 2186
71 233 241 355 362 389 505 550 579 621 748 797 1090 1104 1221 1264 1279 1323 1536 1539 1558 1710 1755
2237
90 124 161 163 309 438 578 711 725 737 755 859 1019 1071 1664 1893
115 190 283 470 592 633 739 940 1368 1397 1430 1687 1701 1754 1839 1955 1986 2009 2048
67 433 1287
615 688 1078 1401 2191
814 851 978 2106 2134
944 2212
1347
1407
1103 1960
476 1453 1511 1574
