1 4 5 7 8 12 15 17 19 20 22 24 27 30 32 33 36 37 40 43 45 47 49 57 62 64 72 74 75 82 83 85 86 87 91 93 94 95 105 107 108 110 112 114 120 125 128 129 130 131 136 138 141 143 144 146 148 149 150 151 155 158 168 169 170 172 173 174 179 181 185 189 192 193 194 198 199 204 209 210 211 212 216 220 222 223 224 225 227 229 230 234 235 236 239 240 243 244 245 246 247 248 250 251 253 254 256 257 262 264 265 266 267 268 274 275 276 280 285 286 287 288 289 290 291 298 299 301 302 307 312 313 314 317 319 321 322 329 331 345 347 348 349 350 351 353 354 357 358 360 363 368 383 386 388 391 392 397 398 400 402 406 409 410 415 418 422 426 427 429 431 432 440 441 442 445 446 450 451 453 460 462 463 464 467 469 472 473 474 475 477 485 486 487 488 489 494 498 499 507 508 511 512 513 517 522 524 527 536 538 540 541 543 544 548 549 551 554 558 559 560 562 563 564 566 571 574 577 580 586 588 589 591 593 597 599 601 602 604 605 608 609 611 612 613 614 622 624 625 629 631 635 636 639 642 646 647 648 650 654 657 660 663 666 671 672 673 676 678 679 680 683 685 687 690 692 696 702 703 705 707 708 710 713 714 717 718 720 721 726 727 729 730 731 732 734 735 736 742 745 746 750 752 753 754 756 758 762 764 768 769 770 774 782 784 785 787 791 795 799 800 801 802 810 812 816 818 822 828 833 837 839 847 848 849 852 853 854 864 865 866 867 871 873 874 875 880 883 884 886 888 893 894 895 897 899 900 904 907 908 910 914 919 920 921 926 929 931 933 939 943 948 949 956 959 960 967 970 972 974 976 977 979 983 986 992 995 996 997 998 1003 1007 1013 1017 1020 1021 1025 1028 1029 1032 1035 1036 1037 1041 1043 1046 1047 1052 1053 1054 1057 1061 1062 1065 1070 1074 1075 1084 1085 1087 1096 1097 1100 1101 1102 1106 1107 1110 1112 1113 1114 1115 1116 1119 1121 1124 1126 1132 1136 1137 1138 1141 1142 1145 1146 1151 1152 1155 1156 1159 1160 1164 1167 1170 1173 1174 1175 1176 1177 1178 1179 1182 1184 1186 1187 1189 1190 1195 1197 1198 1204 1206 1208 1209 1210 1212 1213 1214 1222 1224 1228 1235 1236 1244 1245 1246 1256 1258 1261 1267 1270 1271 1284 1285 1290 1291 1295 1299 1300 1301 1303 1305 1306 1309 1310 1311 1312 1324 1328 1333 1343 1344 1350 1352 1354 1355 1356 1359 1360 1361 1363 1365 1367 1371 1373 1376 1378 1387 1389 1390 1394 1398 1400 1402 1408 1413 1414 1422 1427 1429 1432 1435 1439 1441 1442 1443 1445 1446 1451 1456 1457 1461 1472 1473 1476 1478 1479 1480 1485 1486 1487 1490 1491 1494 1499 1505 1507 1509 1514 1516 1518 1520 1522 1524 1526 1529 1532 1540 1542 1544 1545 1546 1553 1554 1557 1560 1563 1569 1571 1576 1579 1586 1587 1588 1591 1594 1595 1602 1603 1608 1611 1615 1618 1620 1621 1629 1631 1632 1635 1637 1645 1647 1651 1653 1657 1660 1663 1668 1672 1674 1677 1678 1680 1681 1686 1688 1689 1695 1697 1699 1703 1704 1712 1713 1716 1717 1722 1723 1724 1725 1726 1727 1731 1732 1733 1736 1738 1741 1745 1756 1759 1761 1764 1766 1767 1773 1774 1777 1780 1784 1785 1786 1791 1794 1801 1802 1803 1807 1809 1811 1813 1814 1816 1817 1823 1827 1831 1837 1840 1841 1843 1845 1856 1859 1860 1865 1866 1869 1871 1872 1873 1877 1879 1880 1885 1886 1892 1904 1905 1914 1915 1916 1920 1927 1929 1931 1935 1936 1939 1944 1947 1948 1951 1954 1959 1964 1965 1967 1971 1979 1988 1992 1993 1999 2000 2016 2020 2030 2036 2038 2046 2053 2055 2060 2062 2063 2064 2067 2068 2077 2093 2102 2105 2109 2110 2114 2115 2117 2121 2127 2130 2132 2142 2143 2149 2153 2156 2157 2170 2179 2183 2185 2188 2199 2201 2208 2211 2215 2220 2243 2252 2256 2259 2263 2268 2270 2272 2274
10 13 14 16 26 29 31 38 39 41 42 48 50 52 59 63 68 70 76 79 80 84 88 96 98 101 102 109 121 126 135 139 152 159 162 166 171 177 180 183 188 191 196 208 226 238 258 263 270 278 281 303 310 315 316 318 324 326 328 332 335 336 341 343 344 359 361 365 370 372 373 380 390 408 416 417 425 428 430 435 436 439 443 447 456 458 461 468 479 484 492 495 501 502 504 510 518 520 523 526 529 533 545 557 565 570 572 575 581 584 594 598 600 603 606 607 610 616 619 627 628 640 658 668 689 694 701 712 715 724 728 733 740 743 751 757 780 790 792 793 794 804 808 811 819 820 824 831 838 844 861 869 870 877 879 896 901 911 913 917 918 924 927 935 968 975 987 988 991 999 1000 1001 1010 1011 1012 1016 1022 1027 1033 1039 1042 1045 1048 1051 1060 1064 1068 1072 1076 1082 1088 1089 1099 1111 1117 1127 1131 1134 1139 1140 1143 1150 1157 1161 1193 1211 1215 1217 1219 1220 1227 1240 1249 1253 1260 1269 1276 1281 1282 1297 1298 1308 1318 1321 1336 1342 1346 1353 1358 1374 1375 1377 1381 1383 1384 1392 1396 1404 1405 1406 1411 1416 1417 1418 1420 1421 1424 1436 1448 1450 1459 1465 1468 1474 1492 1497 1500 1501 1506 1513 1517 1519 1527 1528 1530 1533 1537 1538 1543 1547 1549 1550 1551 1555 1559 1562 1567 1573 1578 1583 1592 1598 1601 1606 1609 1616 1617 1639 1644 1650 1652 1654 1655 1673 1679 1685 1692 1700 1705 1708 1711 1730 1739 1748 1757 1768 1772 1781 1782 1792 1793 1796 1797 1805 1806 1812 1819 1820 1821 1824 1833 1835 1851 1858 1862 1864 1868 1875 1878 1903 1930 1934 1942 1945 1952 1961 1963 1968 1973 1974 1980 1991 1994 2003 2023 2035 2047 2049 2050 2065 2074 2078 2088 2090 2101 2113 2122 2124 2129 2138 2145 2147 2148 2150 2167 2182 2194 2207 2216 2217 2219 2228 2233 2246 2248 2249 2251
3 6 18 56 58 89 119 160 175 186 231 273 296 338 366 377 381 403 413 449 530 535 539 561 576 630 643 699 706 776 778 788 815 821 832 840 855 858 892 938 981 985 1030 1050 1056 1069 1095 1123 1135 1154 1165 1181 1191 1196 1241 1250 1263 1283 1338 1348 1364 1385 1393 1395 1444 1464 1504 1577 1580 1584 1610 1636 1642 1659 1676 1714 1752 1795 1849 1854 1863 1870 1883 1900 1910 1943 1946 1984 1998 2008 2015 2017 2018 2026 2034 2037 2058 2072 2075 2076 2108 2116 2140 2141 2151 2197 2238 2253 2254 2258 2266
28 69 134 272 279 295 384 396 459 465 583 590 645 652 655 662 664 681 704 744 771 783 841 845 903 930 953 1004 1031 1038 1086 1207 1216 1230 1234 1237 1243 1339 1362 1366 1370 1419 1469 1512 1572 1597 1622 1630 1729 1735 1787 1799 1810 1829 1834 1882 1926 1972 1997 2039 2051 2083 2103 2202
25 55 60 66 117 145 182 197 200 207 214 218 232 261 305 306 308 327 333 393 411 419 423 478 525 531 568 587 618 626 649 665 691 719 741 763 766 796 829 846 876 878 890 941 954 962 964 982 984 1002 1026 1058 1066 1080 1081 1091 1094 1108 1129 1147 1158 1242 1251 1259 1317 1320 1349 1391 1437 1438 1454 1495 1523 1552 1589 1648 1649 1658 1690 1702 1706 1758 1769 1771 1783 1853 1889 1928 1996 2024 2025 2052 2084 2086 2087 2104 2120 2128 2136 2137 2171 2174 2177 2203 2225
369 496 760 836 1144 1440 1746 1789
1118
2162
90 124 161 163 309 438 578 711 725 737 755 859 1019 1071 1664 1893
100 122 137 206 215 237 249 387 395 434 455 483 620 637 670 693 767 775 928 952 1231 1277 1335 1582 1626 1671 1698 1828 1949 2028
46 77 132 184 219 259 330 481 516 542 1005 1098 1168 1412 1481 1564 1743
269 515 779 1254 1340 1825
1818
1614
367 374 444 573 700 842 898 971 1014 1024 1128 1225 1248 1322 1399 1531 1607 1623 1763 1888 1989 2200 2205
297 371 1410 1496 1751 2014 2054 2224
1233 1345 1896 2135 2166 2226
2221
277 480 906 923 1467 1634 1728 2229
311 950 1185 1640 1667 1684 1985 2007
905 1568 2082
661 887 961 1876 1932 1969
1292
980 2255
53
1067
2159
1815
891
2059
1924
1715
221
1357
2247
2264
1742
1940
1977
2019
154 553 644 909 1169 1325 1332 1585 1612 1613 1627 1718 1830 1917 1978 2079 2097 2100 2107 2164 2181 2230 2265 2275
994
843
2187
2176
1334
2250
78 228 902 1008 1093 1232 1275 1488 1599 1709 1749 1958 2080 2119 2240
1881
2195
1415 1762
2021
641 1590 1776 1790 2022 2131 2152 2232
116 1162 1693
653
940
364
936
868
2257
2209
2261
2267
807
777
1938
1287
61
394
1289
1063
2031
123 337 651 1566 2004
1163 1683 1842 1987 2010
2066
1463 1990
632 834 1331
1861
547
1055
944 2212
2175
118 965
2231
1975
1351
863 1073 1302 1565 1669 1744 2044 2094 2262
34 805 1498 2236
585 1455 1855
2089
1347
537 675
521 2158 2277
739
2163
2244
623
2235
1933
1962
1475
1202
2154
1641
1800 1918
2111
2213
945 1847
1006 1382 1575 1670
1103
2 556 1226 1721 1902 1906 2139 2227
51 2096
1804
457 1483
1912
667
1901 2146
352
1950
506 1846 2123
638 1153 1521
1740
147 176 294 534
1313 2061
947 1092 1192 1624 1625 1832
1341
1203
2210
2032
596
187 205 955 1148 1675 1867 2204
2189
1753 1908
2091
2218
1535
142
922
340
882
2178
677 1125
2184 2276
2192
925
2165
1593
1778
356
405
532 1188
1913
2027
851 978 2106
9 634 1403
1960
817 856 1009 1388 1470 1770 2155
2260
1133
827 1330 1750
2043
1407
1661
2271
957 1570
476 491 1511
761
814 2134
830 1304
1548 2222
2193
1899
1887 1921
1286 1919
1662
1171 2005
937
1477
615 688 1078 1401 2191
2002
1734
2169
684 1556 2095 2098 2160 2214
2180
1452 2040
346 401 493 773 942 951 990 1262 1466 1525 1581 1884 1891 1923
1957
1372
2112
379 1409 1836
1238
376 1044 1272 1423 1534
1574
2237
23 195 2234
1600
2206
1775
582
881
916 1034 1937
325
1040
466
11 375 963
54 71 213 233 241 242 255 320 323 355 362 378 389 407 420 424 505 550 552 579 656 695 709 748 772 789 797 809 989 1090 1104 1105 1122 1166 1221 1252 1264 1279 1296 1323 1536 1539 1558 1619 1710 1755 1983 2013 2071 2186
621
103 414 659 932 2069 2070 2081 2144
1199 1890 2196
1316 1850 2133
127 271 404 915 946 1278 2042 2073
471 1205 1898
1426
81 153 282 437 519 569 759 781 823 862 889 958 1079 1200 1273 1458 1508 1515 1779 2056
1180 2085
698 1255
106 412 448 722 1257 1604 1760
1844
1848
1925
21 35 44 65 104 133 140 156 157 164 167 201 202 203 217 260 284 304 399 500 503 546 555 567 595 674 682 686 697 716 803 806 813 825 872 885 912 969 1023 1049 1077 1083 1120 1149 1183 1218 1229 1265 1268 1280 1326 1337 1369 1379 1434 1462 1471 1482 1484 1510 1541 1628 1638 1643 1646 1682 1720 1747 1808 1822 1826 1874 1894 1897 1911 1970 1982 1995 2006 2011 2041 2057 2092 2118 2125 2126 2161 2190 2223 2239 2242 2245
73 99 113 178 292 293 342 382 385 452 509 514 723 786 826 860 1059 1109 1130 1194 1247 1288 1293 1315 1329 1380 1386 1447 1561 1596 1696 1737 1788 1798 1907 1909 2012
1493 1922
67 433
115 470 633 1368 1397 1430 1701 1754 1839 1955 1986 2009
190
283 592 1687
2048
111 669 1425 1765 1852 2099
97 252 300 334 421 454 482 490 497 617 738 749 835 850 857 934 973 1172 1201 1239 1274 1294 1319 1431 1433 1449 1460 1502 1503 1605 1656 1691 1895 1953 1956 1966 2001 2033
2241 2269
165 747 765 798 966 993 1018 1266 1307 1428 1665 1719 1838 1857 1981 2172 2173 2198 2273
1694 1941
339
1976 2168
92 528
1015 1633
1327 1666
1223
1314 1489 1707 2029 2045
1453
