1036
227
541 1576
30
489 895 1350 1479
91
110 427 462 589 608 847 1102 1284 1445 1774 1817
1157
479
1411
92
743
334
1666
821
1580
195
21 35 44 65 104 133 140 156 157 164 167 201 202 203 217 260 284 304 399 500 503 546 555 567 595 674 682 686 697 716 803 806 813 825 872 885 912 969 1023 1049 1077 1083 1120 1149 1183 1218 1229 1265 1268 1280 1326 1337 1369 1379 1434 1462 1471 1482 1484 1510 1541 1628 1638 1643 1646 1682 1720 1747 1808 1822 1826 1874 1894 1897 1911 1970 1982 1995 2006 2011 2041 2057 2092 2118 2125 2126 2161 2190 2223 2239 2242 2245
2234
3 119 231 530 788 855 1030 1154 1250 1364 1504 2026
1887
1234
704 1038 1243 1810 1972
1034
491
1597
592
2096
182 218 306 308 327 333 525 649 691 829 982 1002 1108 1147 1349 1437 1552 1589 1702 1769 1853 1928 2084 2087 2104 2171 2174 2177 2225
1453
1754
1391
2271
1125
1091
739
760
856
1789
325
1470 1770
496
1750
1957
67
2227
433
2139
11
809
772
1264 1539
550 1536
71
389
2160
2112
944
1893
90 1664
309
737 755
438 578 725
206
100 952
249
767 1582
434 1626
2028
237
77
516
1078
1401
1005 1481
1778
481
515 779 1825
1340
667
1901
1063
2192
807
777
814
2134
634
9
1403
2106
2261
1614
2204
1763
1888
1531
1675
1024 1989
1496
2014
2054
371
2175
2226
537
830
1304
675
1896
1493
1922
653
2193
1918
2221
1899
923
906
1728
2235
2229
480
2213
950
1185
1684
1846
2123
2007
905
1568
937
2082
2005
887
761
961
1969
638
1372
1292
882
980
2255
1641
53
1950
142
2159
922
1815
1188
2180
891
2178
2059
1913
1924
1861
1334
1715
221
1357
2247
2264
1742
1940
1977
1920
266
2078
154
1325
2032
2187
728
428
1917
1748
2111
1214
2132
2250
1164
2201
1695
78
2195
957
2021
1385
347
116
1629
776
1941
1681
2230
2265
868
1762
1830
1868
1045
2072
884
787
1722
1478
992
1699
2080
2119
109
2164
155 602
2209
1142
83 1352
2022
1162
1097
1346
2003
2135
1475
1867
945
1847
1790
2079
1841
1707
1990
2196
1008
2065
1598
1332
2243
586
357 1727
2208
666 839
1480
1816
368
228
2152
1657
1457
1203
2165
63
2182
1693
2181
712
819
1404
1912
909
1740
1714
1116 1595
1725
1415
2273
339
1600
2176
1513
1599
1483
1835
632
1511
1745
710
2218
2222
1709
1753
1553
901
949 2117
2016
1865
2267
1916
422
40 939
2274
1355
2019
461
553
1585
1099
1474
88
1281 1934
1612
1246
1384 1903
1627
644
1945
84
238
1202
1744
2131
994
1933
1287
916
936
677
1382
2045
2140
447
1330
1282
1601
1169
1943
1881
2163
1908
1501
935
1430
1313
925
1670
1152
1093
27
2231
1550
315
1222
1848
2089
828
1 473
1992
394
1289
2027
975
1854
1276
1749
318 1406
2240
1914 2055
2141
1683
817
827
457
405
607
1242
1718
1555
1613
383
1777
1844
310
1554
2143
2251
843
1938
1095
1593
1925
107 609 707 1020
355 1090 1221
1694
2189
190
585
1565
1860
1015
476
1199
1455
768
1968
1345
1460
2102
727
2020
862
1180
1420
2272
2244
940
1855
455 483
532
1987
1275
641
1829
2113
2107
2257
471
2266
1358
1652
1991
2043
139
240 770 1602
510
1294 1656 1956
805
1117
1309
61
1975
1804
2138
2248
2275
364
863
815 1444 1636 1870
1795
1488
1232
2015
1958
188
2097
1260
2124
1902
2058
1590
1776
2232
350 657
976
388 2149
1424
443
1578
98
811 870 988 1805
1436
303
978
539 938 985 1135 1849
2150
1878
547
1133
1351
1298
596
29
96
336 619 1757 2194
2219
2228
123
1850
651
1566
1405
1562
1006
2029
1426
1863
2258
2253
556
1661
2094
1073 1302 1669
118
1316
1459
1836
505 1104
2010
2044
1604
902
521
1864
947 1092 1192 1624 1625 1832
1407
34
1489
1842
1165
2070
917 1088
373
581
2090
384 590
1143
1921
1321 2233
535 1050 1283 1338 1610 1676 1752
297
1558
1751
881
1163
1962
2154
2276
436 838 1506
2133
1575
1633
661
783 953 1207 1339 2039
1876
1055
1498
2236
337
376 1044 1272 1423 1534
1216 1419 1512 1787
1800
573
1926
2166
965
1392
1617
570
1205
1644
153 437 519 781 958
1314
2184
456
1226
127 271 915 946 1278
404
1898
2066
1477
1667
2091
1653
175
70
413 1642
2048
2158
2277
2262
2042
196 372
2073
2069
932
2120
18 296 576 778 858
273
379
1946
1428
1857
1719
1981
2241
2269
187
1223
1307
966
993
583 662 1031
1976 2168
2172
1409
2095 2214
1018 1266 1665
1238
1640
1985
2031
1932
1746
1960
352
2
106 412 448 722 1257
340
955 1148
338 403
1103
2260
513 795
1592
623
1347
2212
165 747 765 798 2173
356
1069
1341
1370
103 414 659 2081 2144
896 1011
1852
1548
2224
1890
1570
2202
1123
1087 1189
1949
6
81 282
889 1508 2056
1721
2085
269 1254
775
1067
147 176 294 534
197
582
1086
1118
1153
1440
1775
233 241 362 579 748 797 1279 1323 1710
621
1233
2237
205
615
2086
1839
2191
1286
1919
2200
51
1662
1535
2061
2146
2210
219
693
924
1521
1760
69 134 272 295 645 655 681 744 841 845 1004 1237 1366 1469 1735 1799 1834 1882 1997 2103
31 159 616 1010
688
1410
132 184 259 330 1098 1168 1412
395
637
2206
1009 1388
2155
1397
122 215 387 620 928
369 836 1144
568 796 1523
2002
346 401 493 773 942 951 990 1262 1466 1525 1581 1884 1891 1923
115
162 316
1452 2040
55 261 393 665 846 890 941 1026 1066 1080 1081 1251 1649 2052 2128 2137
1231 1277
639
759
1906
2169
1171
1467
1818
1556
41 59 324 724 1215 1538 1963 2145
278 281 1193 1418 2148
1328
46 542 1564 1743
2116
38 927 991 1227 1708 1875 1994 2249
311
1040
73 99 113 178 292 293 342 382 385 452 509 514 723 786 826 860 1059 1109 1130 1194 1247 1288 1293 1315 1329 1380 1386 1447 1561 1596 1696 1737 1788 1798 1907 1909 2012
2162
137 1671 1698
163
1634
1828
1734
283
390
470
1368
1701 1955 1986
569 1079 1273 1515
698 1255
823 1200 1458
1779
444 1225
1623
374 700 842 898 1014 1128 1248 1322 1399
2205
971
25 60 66 117 145 200 207 214 232 305 411 419 478 531 587 618 626 719 741 763 766 876 878 954 962 964 984 1058 1094 1129 1158 1259 1317 1320 1438 1454 1495 1648 1658 1690 1706 1758 1771 1783 1889 1996 2024 2025 2136 2203
68
1269
1393 1584
1464
42 76 80 102 135 335 343 502 526 533 584 600 628 668 689 715 733 790 794 824 831 844 1016 1027 1051 1089 1111 1353 1421 1551 1812 1824 1851 1942 1973 2129
277
506
2246
1263
1019
2076
2216
423
670 1335
1622
1937
466
58 449 630 840 981 1181 1196 1577 1883 2008 2017 2018 2034
1327
158 538 735 785 1124 1136 1473
191 359 1375 1381
711 859
1071
1500
10 48 50 458 518 869 1134 1211 1318 1374 1450 1492 1549 1567 1606 1711 1768 1792 1974 2050 2101
26
1241 1395
289
286 995 1579
851
1463
1679
212 363 920 1041 1524 1859
226 575 808 1297 1793 1796
445 1106
780 1468 1583 1650 1700 2088
849 1256 1310 1608 1716
1115
1528
1733 1880 1929
1980
2211
1064
1910
33 1663
247
290
353 746 1365
918
1416
1685
963
1105
789 1166
911 1060
89 892 1900 2151
656
1296
344
861 879 1930
1862
101 166 1039 1048 1068 1072 1127 1161 1217 1465 1543 1609 1673 1797 1820 1821 2035 2049 2217
255
1533
425 504 757 793 804 820 1240 1336 1396 1639 1654 2074 2147
1012
1342
1732
28 279 396 459 465 652 664 771 903 930 1230 1362 1572 1630 1729 2051 2083
420
695 2013
1062
16 603 610
168 1035
170 871 1057 1179
194
280 398 1054 1065 1132
1537
633
934
1022 1219
1075
1119
1131
1713
1838
1961
2254
23
208
701
161
424
124
467 593 1518
1705
1348
36 95 588
557 1001
213 242 407
183
1574
169
392
1616
1806
606 1377 1692 2122
45 223 243 442 485 979 1591
56 160 186 366 377 381 561 643 699 706 832 1056 1191 1998 2037 2075 2108 2197 2238
179 253 301 312 348 441 549 559 599 671 673 908 1156 1312 1367 1532 1731 1823 2105
263
477
328 1076 1220
430
1739
792
1631
13 180
152 177 258 270 439 501 565 598 640 913 987 999 1042 1140 1497 1547 1781 1858
254
354
2004
87 614
93 397
762
321
313 508 696 730 848
365 545 877
1150
402 1159
416 658
886
678 893
822 1766
1155 1947
1772 1952
1819
475 769
234 251 440 758 1359 1451 1809
1632
1308
131 144 400 873 926 970 1198 1801 1803 1993 2060 2115 2183
171 1000
268 742
1033
486 613 854
495 572 740
1984
2127
1305
1517
406 566 1208
631 1047
736 1190 1456 1637 1645
837
1204 1333
2153
1712
5
1082
1499
1442
931
1295
1013
248 349 548 1121 1228 1723 1936
435 529 1730 1782
512
810 914
857 1274 1431 1433 1966
880
956 972 1594
1028
2268
1178
1356 1387
1491
1505
1530
1872
1833
1877
1971 2046
2036
2047
2100
20 43 62 193 246 257 410 446 474 487 543 571 612 660 687 791 852 865 875 1037 1052 1070 1324 1414 1507 1520 1563 1660 1697 1736 1811 1827 1856 1905 1979 2053 2109 2121 2156
126 332 594 1417
151 181
274
520 968 1573
523 694
1761
1845
2207
544
729
1931
4 235
1546
899
1389 1432 1446
1527
146 642
239 1869
663
1176 1951
12 1210 1271
148 245 426 1184 1270 1435 1786
15
250 1647
370
650 960
57
331 959 997 1175
1383
1545
149 2142
1490
2215
85 143 1764 1866 1954
1311
189
1021
1677
2256 2270
1074
199 1494
288
121
150 507 580 782 874 967
198
224 680
1885
326 1519
361
415 429 1509
2038
484
499 904 1376 1476
604 708
685
1114 1703 1814
1139
1303
1378 1689
1659
2009
1291
230 562 1301 1485 1780
756
112 222 298 1197
386 1802
625 636
1138
1300
431 451 2263
669 1425
833 1213 1927
1886
888 933
192 1113 1236 1306 1603 1688 1773 1807
605 1177 1587
1978
624
1187
720
764
929
2110
752
818 1363
2030
1017
1186
1959
2114 2188
1831
482 490 1172
1360
2198
97 300 738 835 850 973 1319 1502 1503 1691 1895 1953 2001 2033
672 986
1373
47
1343
229 517 1170 1400 1526 1620 1756 1892
676 714 800 919 983 1061 1173 1394
1678
37
64
128 732
341
492
563
1267
1944
1999
82 174 299 647 731 750 943 1686
1195
432 726 816 1126 1429
2157
1813
1904
130 1137
1873
138 1096
1167
900
409
1791
1635
1704
1486
211 358
1085
267 285 527 717 801 1299 1560 1741
498 1053 1110 1285
1427
220
1112
472 974
2000
2259
129 276 360 1182 1621 1879 1915
460
718
1235 1516
577
111 1765 2099
654
1174
1472
2130
125 307 646 866 1245
204 469 635
225 597 1290 2252
319
8
19 2062
1398
2170
648
1344
24
488
721
1146 1371
1544
209 754
1529
86 799
108
601
853
72 1145
1738
622
2093
1611
1840 2220
2063
345
1557
1569
244
136 173
329 540
1717
32 236 1571 1759
141
94
291 317 391 551 558 692 864 921 977 1003 1160 1212 1422 1439 1441 1586 1871
497 1239
745
1755
883
1672
1540
784
1965
22 351
216
417
627 1448
948
1618
39 52
367
1046
897 1224
264
1487
552 709 2186
1032
1107
1674
210
1258 1726
7 49 262 275 314 418 453 464 494 522 524 554 564 574 591 705 713 753 774 802 998 1007 1029 1043 1101 1209 1244 1261 1354 1514 1522 1542 1588 1651 1724 1767 1784 1843 1935 1939 1948 1964 2064 2179
17
172 511 910 996 1151 1988
2199
256 1390 1615
74
1668
1837
75 683 1461
120 302 812
1100
1413
54 320 378
989 1252 1619 1983 2071
322 702 1084 1361 1680 1785 2077
1794
287 463 734 1025
629
611 1141
1402
1967 2068
105
185 560 679
114
380
834
536 867 1443
684 2098
1253
79
690 703 907 1408 2067
14 408 468
1607
1655
1559
2023
450 2185
2167
1687
1249
1206
528
421 749 1449 1605
454 617 1201
252
375
323 1122
751
1331
894
265
