1 3 4 5 6 7 8 10 12 13 14 15 16 17 18 19 20 21 22 23 24 26 27 28 29 30 31 32 33 34 35 36 37 38 39 40 41 42 43 44 45 47 48 49 50 51 52 56 57 58 59 62 63 64 65 68 69 70 72 73 74 75 76 78 79 80 81 82 83 84 85 86 87 88 89 91 92 93 94 95 96 97 98 99 101 102 103 104 105 106 107 108 109 110 111 112 113 114 115 116 119 120 121 123 125 126 127 128 129 130 131 133 134 135 136 138 139 140 141 143 144 146 147 148 149 150 151 152 153 154 155 156 157 158 159 160 162 164 165 166 167 168 169 170 171 172 173 174 175 176 177 178 179 180 181 182 183 185 186 188 189 191 192 193 194 195 196 198 199 201 202 203 204 208 209 210 211 212 216 217 218 220 222 223 224 225 226 227 228 229 230 231 234 235 236 238 239 240 243 244 245 246 247 248 250 251 252 253 254 256 257 258 260 262 263 264 265 266 267 268 270 271 272 273 274 275 276 278 279 280 281 282 283 284 285 286 287 288 289 290 291 292 293 294 295 296 298 299 300 301 302 303 304 306 307 308 310 312 313 314 315 316 317 318 319 321 322 324 326 327 328 329 331 332 333 334 335 336 337 338 339 341 342 343 344 345 347 348 349 350 351 353 354 357 358 359 360 361 363 365 366 368 370 372 373 376 377 380 381 382 383 384 385 386 388 390 391 392 396 397 398 399 400 402 403 404 406 408 409 410 412 413 414 415 416 417 418 421 422 425 426 427 428 429 430 431 432 435 436 437 439 440 441 442 443 445 446 447 448 449 450 451 452 453 454 456 458 459 460 461 462 463 464 465 467 468 469 471 472 473 474 475 476 477 479 482 484 485 486 487 488 489 490 491 492 494 495 497 498 499 500 501 502 503 504 507 508 509 510 511 512 513 514 517 518 519 520 522 523 524 525 526 527 528 529 530 533 534 535 536 538 539 540 541 543 544 545 546 548 549 551 553 554 555 557 558 559 560 561 562 563 564 565 566 567 568 569 570 571 572 574 575 576 577 580 581 583 584 586 588 589 590 591 592 593 594 595 597 598 599 600 601 602 603 604 605 606 607 608 609 610 611 612 613 614 616 617 619 622 624 625 627 628 629 630 631 632 635 636 639 640 641 642 643 644 645 646 647 648 649 650 651 652 654 655 657 658 659 660 662 663 664 666 668 669 671 672 673 674 676 678 679 680 681 682 683 685 686 687 689 690 691 692 694 696 697 698 699 701 702 703 704 705 706 707 708 710 712 713 714 715 716 717 718 720 721 722 723 724 726 727 728 729 730 731 732 733 734 735 736 738 740 742 743 744 745 746 747 749 750 751 752 753 754 756 757 758 759 762 764 765 768 769 770 771 774 776 778 780 781 782 783 784 785 786 787 788 790 791 792 793 794 795 796 798 799 800 801 802 803 804 805 806 808 810 811 812 813 815 816 818 819 820 821 822 823 824 825 826 828 829 831 832 833 834 835 837 838 839 840 841 844 845 847 848 849 850 852 853 854 855 857 858 860 861 862 863 864 865 866 867 869 870 871 872 873 874 875 877 879 880 883 884 885 886 888 889 892 893 894 895 896 897 899 900 901 902 903 904 907 908 909 910 911 912 913 914 915 916 917 918 919 920 921 924 926 927 929 930 931 932 933 934 935 938 939 943 946 948 949 953 956 958 959 960 967 968 969 970 972 973 974 975 976 977 979 981 982 983 985 986 987 988 991 992 995 996 997 998 999 1000 1001 1002 1003 1004 1006 1007 1008 1010 1011 1012 1013 1015 1016 1017 1020 1021 1022 1023 1025 1027 1028 1029 1030 1031 1032 1033 1034 1035 1036 1037 1038 1039 1041 1042 1043 1044 1045 1046 1047 1048 1049 1050 1051 1052 1053 1054 1056 1057 1059 1060 1061 1062 1064 1065 1068 1069 1070 1072 1073 1074 1075 1076 1077 1079 1082 1083 1084 1085 1086 1087 1088 1089 1093 1095 1096 1097 1099 1100 1101 1102 1106 1107 1108 1109 1110 1111 1112 1113 1114 1115 1116 1117 1119 1120 1121 1123 1124 1126 1127 1130 1131 1132 1134 1135 1136 1137 1138 1139 1140 1141 1142 1143 1145 1146 1147 1149 1150 1151 1152 1154 1155 1156 1157 1159 1160 1161 1162 1164 1165 1167 1169 1170 1172 1173 1174 1175 1176 1177 1178 1179 1180 1181 1182 1183 1184 1186 1187 1189 1190 1191 1193 1194 1195 1196 1197 1198 1199 1200 1201 1204 1205 1206 1207 1208 1209 1210 1211 1212 1213 1214 1215 1216 1217 1218 1219 1220 1222 1223 1224 1227 1228 1229 1230 1232 1234 1235 1236 1237 1239 1240 1241 1243 1244 1245 1246 1247 1249 1250 1253 1255 1256 1257 1258 1260 1261 1263 1265 1267 1268 1269 1270 1271 1272 1273 1274 1275 1276 1278 1280 1281 1282 1283 1284 1285 1288 1290 1291 1293 1294 1295 1297 1298 1299 1300 1301 1302 1303 1305 1306 1307 1308 1309 1310 1311 1312 1314 1315 1316 1318 1319 1321 1324 1325 1326 1327 1328 1329 1331 1332 1333 1336 1337 1338 1339 1342 1343 1344 1346 1348 1349 1350 1352 1353 1354 1355 1356 1358 1359 1360 1361 1362 1363 1364 1365 1366 1367 1368 1369 1370 1371 1373 1374 1375 1376 1377 1378 1379 1380 1381 1382 1383 1384 1385 1386 1387 1389 1390 1392 1393 1394 1395 1396 1398 1400 1402 1404 1405 1406 1408 1411 1413 1414 1415 1416 1417 1418 1419 1420 1421 1422 1423 1424 1425 1426 1427 1429 1431 1432 1433 1434 1435 1436 1437 1439 1441 1442 1443 1444 1445 1446 1447 1448 1449 1450 1451 1453 1456 1457 1458 1459 1460 1461 1462 1464 1465 1468 1469 1471 1472 1473 1474 1476 1478 1479 1480 1482 1484 1485 1486 1487 1488 1489 1490 1491 1492 1494 1497 1498 1499 1500 1501 1502 1503 1504 1505 1506 1507 1508 1509 1510 1511 1512 1513 1514 1515 1516 1517 1518 1519 1520 1522 1523 1524 1526 1527 1528 1529 1530 1532 1533 1534 1537 1538 1540 1541 1542 1543 1544 1545 1546 1547 1549 1550 1551 1552 1553 1554 1555 1557 1559 1560 1561 1562 1563 1565 1566 1567 1569 1571 1572 1573 1574 1575 1576 1577 1578 1579 1580 1583 1584 1585 1586 1587 1588 1589 1590 1591 1592 1593 1594 1595 1596 1597 1598 1599 1600 1601 1602 1603 1604 1605 1606 1608 1609 1610 1611 1612 1613 1615 1616 1617 1618 1620 1621 1622 1627 1628 1629 1630 1631 1632 1633 1635 1636 1637 1638 1639 1642 1643 1644 1645 1646 1647 1650 1651 1652 1653 1654 1655 1656 1657 1659 1660 1663 1666 1668 1669 1670 1672 1673 1674 1676 1677 1678 1679 1680 1681 1682 1683 1685 1686 1687 1688 1689 1691 1692 1693 1695 1696 1697 1699 1700 1701 1702 1703 1704 1705 1707 1708 1709 1711 1712 1713 1714 1716 1717 1718 1719 1720 1722 1723 1724 1725 1726 1727 1729 1730 1731 1732 1733 1735 1736 1737 1738 1739 1741 1744 1745 1747 1748 1749 1752 1756 1757 1759 1760 1761 1764 1765 1766 1767 1768 1769 1772 1773 1774 1776 1777 1779 1780 1781 1782 1784 1785 1786 1787 1788 1790 1791 1792 1793 1794 1795 1796 1797 1798 1799 1801 1802 1803 1805 1806 1807 1808 1809 1810 1811 1812 1813 1814 1816 1817 1819 1820 1821 1822 1823 1824 1826 1827 1829 1830 1831 1833 1834 1835 1837 1838 1840 1841 1843 1845 1849 1850 1851 1852 1853 1854 1856 1857 1858 1859 1860 1862 1863 1864 1865 1866 1868 1869 1870 1871 1872 1873 1874 1875 1877 1878 1879 1880 1881 1882 1883 1885 1886 1887 1892 1894 1895 1897 1898 1900 1903 1904 1905 1907 1909 1910 1911 1914 1915 1916 1917 1920 1921 1926 1927 1928 1929 1930 1931 1934 1935 1936 1937 1939 1942 1943 1944 1945 1946 1947 1948 1951 1952 1953 1954 1955 1956 1958 1959 1961 1963 1964 1965 1966 1967 1968 1970 1971 1972 1973 1974 1976 1978 1979 1980 1982 1984 1986 1988 1991 1992 1993 1994 1995 1997 1998 1999 2000 2001 2003 2004 2006 2008 2011 2012 2015 2016 2017 2018 2019 2020 2022 2023 2026 2029 2030 2033 2034 2035 2036 2037 2038 2039 2041 2042 2044 2045 2046 2047 2049 2050 2051 2053 2055 2056 2057 2058 2060 2061 2062 2063 2064 2065 2067 2068 2069 2070 2072 2073 2074 2075 2076 2077 2078 2079 2080 2081 2083 2084 2085 2086 2087 2088 2090 2092 2093 2094 2096 2097 2099 2100 2101 2102 2103 2104 2105 2107 2108 2109 2110 2113 2114 2115 2116 2117 2118 2119 2121 2122 2124 2125 2126 2127 2129 2130 2131 2132 2133 2138 2140 2141 2142 2143 2144 2145 2147 2148 2149 2150 2151 2152 2153 2156 2157 2161 2164 2167 2168 2170 2171 2172 2173 2174 2177 2179 2181 2182 2183 2185 2188 2190 2194 2195 2197 2199 2201 2202 2206 2207 2208 2211 2215 2216 2217 2219 2220 2223 2225 2228 2230 2232 2233 2234 2236 2238 2239 2240 2241 2242 2243 2245 2246 2248 2249 2251 2252 2253 2254 2256 2258 2259 2262 2263 2265 2266 2268 2269 2270 2272 2274 2275
25 55 60 66 67 117 145 190 197 200 207 214 232 261 305 325 346 364 369 393 401 405 411 419 423 433 466 470 478 493 496 531 582 585 587 618 626 633 665 677 719 739 741 760 763 766 773 836 846 876 878 890 940 941 942 947 951 954 962 964 966 984 990 1018 1026 1058 1066 1080 1081 1091 1092 1094 1103 1118 1125 1129 1144 1158 1163 1192 1202 1203 1238 1242 1251 1259 1262 1266 1287 1313 1317 1320 1341 1391 1397 1428 1430 1438 1440 1452 1454 1463 1466 1495 1525 1581 1624 1625 1648 1649 1658 1665 1690 1706 1734 1746 1754 1758 1771 1783 1789 1832 1839 1842 1884 1889 1890 1891 1923 1925 1957 1960 1981 1987 1990 1996 2009 2010 2024 2025 2040 2043 2048 2052 2112 2120 2128 2136 2137 2162 2163 2184 2189 2196 2198 2203 2218 2244 2260 2271 2273 2276
46 61 77 90 100 122 124 132 137 161 163 184 206 215 219 237 249 259 269 309 330 387 395 434 438 455 481 483 515 516 542 578 620 637 667 670 693 711 725 737 755 767 775 779 859 881 928 952 994 1005 1019 1040 1071 1098 1168 1231 1254 1277 1335 1340 1412 1481 1564 1582 1626 1664 1671 1698 1743 1825 1828 1893 1949 2028
1614 1818
277 311 480 506 905 906 923 950 1171 1185 1467 1535 1568 1634 1640 1667 1684 1728 1846 1985 2005 2007 2082 2123 2221 2229
352 638 661 882 887 961 980 1153 1292 1372 1521 1641 1740 1876 1932 1969
142 394 891 922 1067 1815 1950 2159
2031 2059 2178
1715 1924
221
2247
2264
1742 1940
1977
356 843 1347 1475 1477 1483 1844 1848 1901 1962 2002 2027 2032 2089 2091 2146 2154 2192 2209 2212 2257
807 1938
53 2187 2255
937 2021
653 1289
2111 2235
1861 2250
1334
2 118 457 547 556 623 817 827 856 868 925 936 944 945 965 993 1009 1055 1133 1226 1330 1351 1388 1407 1455 1470 1661 1662 1694 1721 1750 1753 1762 1770 1804 1847 1855 1902 1906 1908 1933 1941 1975 2066 2139 2155 2165 2169 2227 2231
1357
2175 2210
187 205 340 596 777 955 1148 1675 1867 1912 2204 2261
537 675
532 1188 2180
1913
615 688 1063 1078 1401 1409 2191
1286 1493 1896 1899 1919 1922 2193
814 851 978 2106 2134
761 2176
9 521 634 1403 2158 2267 2277
379 684 1556 1836 2095 2098 2160 2214
1800 1918 2213
1775 1778
11 54 71 213 233 241 242 255 320 323 355 362 375 378 389 407 420 424 505 550 552 579 656 695 709 748 772 789 797 809 963 989 1090 1104 1105 1122 1166 1221 1252 1264 1279 1296 1323 1536 1539 1558 1619 1710 1755 1983 2013 2071 2186
957 1548 1570 2222
297 367 371 374 444 573 700 830 842 898 971 1014 1024 1128 1225 1233 1248 1304 1322 1345 1399 1410 1496 1531 1607 1623 1751 1763 1888 1989 2014 2054 2135 2166 2200 2205 2224 2226
621 2237
