1 3 5 6 7 10 12 16 21 22 24 35 36 37 38 43 46 47 49 54 63 64 65 66 68 69 73 75 78 83 86 89 90 92 94 104 106 108 112 113 117 118 124 125 126 127 128 129 130 134 135 141 142 144 146 150 160 163 164 165 167 169 172 174 175 176 183 184 185 186 188 189 193 194 197 200 202 203 207 208 210 211 216 222 224 225 232 234 236 239 241 245 250 252 253 256 257 259 261 262 263 265 271 272 275 277 278 282 288 291 292 296 297 302 306 307 310 313 316 318 319 321 323 324 325 328 335 342 344 346 347 350 351 355 356 359 361 364 367 368 369 370 373 376 377 383 385 386 387 388 389 392 393 394 401 402 404 407 408 409 416 419 421 424 425 426 427 433 434 437 438 441 443 447 450 453 455 457 458 460 462 463 468 471 476 478 479 480 481 482 489 490 497 499 503 504 506 508 511 512 513 514 517 519 522 523 532 535 537 540 544 547 554 555 556 557 564 571 572 576 577 581 582 584 590 593 594 595 597 598 599 600 602 606 607 609 613 614 615 618 620 622 627 629 632 636 637 644 645 646 647 648 652 653 657 658 659 660 663 664 666 670 672 675 677 679 680 684 685 686 693 694 695 700 701 702 703 705 708 709 713 715 719 721 725 728 729 730 732 733 734 736 737 739 740 744 746 749 751 753 754 755 757 759 760 762 763 764 765 766 767 781 783 786 787 788 789 790 792 796 798 799 802 805 807 810 811 812 815 816 818 819 821 822 824 825 827 831 834 835 837 839 842 843 845 846 847 849 850 853 854 856 859 863 867 868 869 871 872 873 884 886 889 891 893 894 897 898 899 900 901 906 908 910 911 914 920 926 933 940 945 946 948 949 950 951 953 956 958 962 964 968 971 972 973 974 978 980 982 984 988 989 996 997 1004 1006 1009 1015 1018 1025 1030 1038 1039 1041 1043 1048 1049 1051 1052 1054 1056 1057 1058 1059 1061 1062 1066 1068 1069 1075 1076 1078 1082 1087 1090 1091 1096 1099 1101 1102 1105 1109 1111 1114 1115 1119 1122 1125 1127 1128 1133 1134 1135 1137 1138 1139 1140 1141 1142 1143 1147 1148 1149 1150 1151 1152 1155 1159 1161 1162 1165 1167 1169 1170 1172 1175 1176 1178 1182 1183 1186 1188 1189 1192 1196 1197 1198 1199 1207 1210 1214 1217 1222 1224 1225 1227 1229 1230 1234 1235 1237 1241 1243 1244 1246 1251 1255 1259 1264 1268 1270 1271 1273 1274 1275 1277 1278 1279 1281 1284 1285 1286 1289 1290 1292 1293 1295 1296 1300 1301 1304 1305 1306 1310 1313 1315 1316 1318 1319 1324 1326 1328 1330 1333 1337 1338 1339 1340 1343 1345 1346 1348 1354 1355 1357 1359 1360 1361 1362 1368 1369 1371 1372 1373 1375 1376 1377 1378 1379 1386 1387 1388 1389 1390 1394 1395 1398 1403 1404 1405 1406 1407 1408 1409 1410 1414 1419 1421 1422 1426 1433 1443 1445 1451 1453 1455 1459 1460 1464 1466 1467 1468 1476 1477 1480 1482 1483 1487 1489 1490 1491 1495 1496 1497 1498 1499 1500 1501 1502 1503 1504 1508 1509 1510 1512 1513 1514 1515 1517 1520 1521 1522 1526 1527 1529 1536 1539 1540 1541 1542 1545 1547 1548 1550 1551 1553 1554 1557 1559 1560 1565 1566 1567 1573 1574 1577 1579 1580 1582 1589 1593 1594 1595 1596 1598 1599 1602 1603 1605 1607 1609 1612 1613 1615 1616 1619 1629 1632 1633 1634 1637 1638 1639 1640 1642 1643 1644 1646 1647 1650 1653 1654 1655 1657 1658 1659 1660 1662 1674 1675 1680 1681 1682 1686 1687 1689 1690 1691 1692 1693 1694 1698 1701 1704 1713 1714 1716 1717 1720 1723 1724 1728 1733 1736 1740 1742 1743 1744 1745 1746 1749 1750 1753 1754 1755 1757 1764 1766 1774 1776 1777 1778 1781 1782 1786 1787 1788 1789 1790 1791 1793 1794 1795 1797 1798 1799 1800 1801 1804 1805 1808 1816 1817 1820 1821 1825 1827 1828 1831 1835 1838 1839 1840 1845 1849 1850 1851 1852 1853 1857 1858 1860 1863 1871 1873 1874 1877 1881 1882 1883 1885 1886 1887 1889 1893 1894 1896 1898 1899 1900 1901 1906 1910 1912 1914 1915 1920 1921 1923 1925 1927 1930 1931 1932 1935 1936 1937 1938 1942 1946 1947 1948 1951 1952 1953 1955 1956 1958 1960 1964 1967 1969 1970 1973 1975 1976 1977 1978 1979 1981 1983 1985 1986 1989 1994 1995 1999 2002 2003 2004 2005 2007 2009 2013 2017 2019 2020 2025 2027 2030 2031 2035 2037 2039 2040 2041 2043 2044 2045 2046 2047 2050 2052 2057 2062 2069 2070 2071 2072 2073 2075 2076 2078 2079 2080 2085 2086 2087 2088 2091 2092 2094 2097 2099 2101 2102 2103 2104 2107 2110 2112 2118 2119 2121 2124 2126 2127 2130 2132 2136 2139 2140 2144 2145 2146 2147 2149 2150 2151 2153 2157 2158 2163 2165 2166 2168 2169 2172 2173 2174 2176 2178 2187 2189 2191 2192 2193 2194 2195 2196 2198 2199 2200 2202 2204 2214 2217 2224 2226 2230 2232 2236 2237 2239 2241 2242 2243 2247 2249 2257 2259 2261 2262 2264 2266 2269 2271 2273 2274 2275 2277 2280 2281 2282 2284 2287 2288 2289 2290 2292 2295 2299 2302 2304 2305 2311 2318 2319 2328 2331 2334 2337 2345 2356 2360 2375 2377 2385 2387 2388 2393 2395 2398 2404 2408 2410 2411 2420 2431 2433 2438 2442 2447 2455 2457 2458 2460 2462 2466 2469 2471 2472 2485 2490 2492 2494 2497 2501 2503 2504 2505 2509 2519 2522 2524 2526 2527 2534 2536 2541 2543 2545 2547 2554 2557 2564 2567 2568 2569 2577 2583 2588 2591 2592 2594 2601 2603 2608 2612 2617 2618 2621 2624 2630 2657 2659 2662 2663 2672 2675 2678 2679 2683 2685 2686 2689 2690 2691 2693 2694 2696 2698 2699 2700 2701 2708 2717 2718 2724 2725 2726 2729 2736 2738 2742 2743 2744 2745 2749 2754 2755 2756 2757 2758 2759 2760 2761 2765 2767 2769 2770 2778 2779 2782 2792 2793 2797 2799 2801 2802 2803 2807 2808 2809 2810 2811 2814 2818 2819 2832 2834 2835 2839 2840 2842 2847 2848 2850 2851 2852 2853 2857 2859 2863 2865 2866 2870 2871 2872 2873 2874 2877 2879 2880 2882 2886 2888 2889 2891 2893 2897 2902 2903 2904 2905 2909 2914 2915 2916 2917 2918 2925 2930 2931 2933 2935 2936 2942 2945 2947 2952 2954 2962 2963 2964 2970 2972 2973 2982 2983 2984 2988 2989 2991 2993 2996 2997 2998 2999 3001 3002 3003 3005 3006 3009 3013 3014 3016 3017 3021 3023 3024 3025 3032 3033 3034 3041 3042 3043 3044 3054 3055 3056 3061 3062 3063 3064 3066 3068 3070 3071 3075 3078 3079 3080 3082 3083 3084 3085 3086 3087 3089 3090 3092 3093 3096 3097 3098 3099 3101 3102 3105 3106 3110 3111 3112 3113 3114 3116 3122 3123 3124 3125 3127 3128 3131 3137 3138 3141 3142 3143 3144 3146 3150 3152 3155 3156 3158 3159 3160 3161 3162 3163 3166 3167 3168 3169 3171 3174 3176 3178 3179 3180 3183 3187 3188 3190 3191 3192 3193 3196 3197 3199 3200 3203 3209 3210 3211 3212 3214 3215 3217 3218 3219 3223 3224 3226 3227 3230 3232 3234 3235 3236 3239 3240 3241 3244 3246 3248 3249 3251 3256 3259 3260 3261 3263 3265 3267 3271 3272 3276 3278 3279 3280 3281 3282 3284 3285 3286 3288 3289 3290 3291 3292 3293 3294 3298 3299 3301 3304 3306 3307 3308 3310 3311 3312 3314 3315 3316 3317 3318 3319 3320 3321 3322 3323 3324 3326 3327
9 11 18 19 25 26 30 31 33 39 41 45 51 53 55 57 58 67 80 85 88 91 93 100 101 105 123 131 132 136 140 149 153 159 168 170 178 179 182 190 196 198 204 212 214 217 218 220 227 233 237 244 247 251 254 258 260 268 273 281 283 285 286 290 294 295 299 303 305 309 312 314 317 322 327 333 334 339 340 341 343 349 353 354 357 363 365 366 371 378 380 382 384 390 395 396 398 399 410 411 413 418 420 423 436 440 445 446 448 452 459 464 465 467 470 474 475 484 485 486 495 496 500 501 502 505 507 509 520 521 528 530 533 534 536 538 545 546 548 549 551 552 560 561 563 567 570 574 578 579 580 588 591 605 608 610 612 619 634 635 643 654 655 667 669 673 676 681 687 690 698 699 704 706 707 711 717 720 723 726 738 742 747 752 758 761 771 776 777 779 780 785 795 800 801 803 806 817 828 829 833 838 840 852 857 860 864 875 879 880 881 883 895 912 915 916 919 922 923 928 929 930 938 955 957 960 961 965 967 970 975 976 977 979 985 987 990 995 1000 1008 1011 1019 1021 1023 1024 1026 1033 1037 1042 1050 1055 1060 1064 1077 1092 1100 1103 1106 1108 1110 1112 1117 1121 1123 1129 1130 1153 1157 1164 1177 1179 1180 1184 1185 1187 1190 1194 1204 1206 1208 1212 1216 1218 1219 1226 1242 1245 1247 1248 1257 1258 1261 1262 1266 1267 1272 1283 1299 1308 1309 1311 1312 1321 1323 1329 1332 1334 1335 1341 1347 1349 1351 1352 1353 1356 1363 1366 1374 1382 1383 1384 1385 1391 1397 1401 1413 1424 1425 1427 1428 1429 1434 1435 1438 1444 1446 1449 1450 1454 1456 1457 1465 1471 1474 1475 1478 1484 1486 1488 1493 1505 1516 1525 1531 1533 1534 1538 1543 1562 1563 1564 1585 1591 1600 1604 1610 1614 1620 1622 1623 1625 1631 1635 1636 1641 1649 1661 1664 1668 1672 1676 1683 1685 1697 1702 1710 1715 1721 1729 1730 1735 1738 1752 1756 1762 1763 1767 1770 1771 1772 1783 1784 1785 1792 1807 1818 1824 1832 1842 1847 1848 1855 1861 1862 1864 1870 1872 1875 1892 1902 1903 1907 1911 1913 1917 1918 1922 1924 1926 1940 1943 1954 1959 1962 1965 1971 1974 1984 1987 1988 1996 1997 1998 2000 2001 2008 2010 2016 2018 2023 2028 2029 2032 2036 2048 2049 2053 2054 2055 2056 2058 2060 2065 2074 2083 2084 2089 2095 2100 2106 2108 2109 2113 2116 2120 2123 2125 2128 2131 2135 2142 2143 2148 2152 2155 2159 2171 2177 2179 2180 2181 2185 2188 2201 2203 2206 2207 2208 2209 2211 2212 2216 2219 2228 2233 2234 2240 2244 2245 2248 2250 2251 2252 2254 2256 2263 2267 2268 2276 2278 2279 2285 2294 2296 2297 2298 2303 2306 2307 2309 2314 2316 2325 2335 2339 2342 2347 2348 2358 2365 2366 2371 2374 2379 2380 2383 2384 2390 2392 2394 2396 2403 2414 2429 2432 2437 2439 2440 2446 2449 2450 2452 2454 2464 2467 2470 2480 2481 2483 2484 2486 2496 2500 2512 2514 2516 2523 2531 2535 2537 2538 2540 2542 2546 2550 2551 2558 2561 2571 2572 2575 2576 2584 2593 2596 2599 2600 2602 2609 2613 2614 2615 2619 2625 2635 2636 2637 2645 2648 2649 2653 2655 2660 2661 2664 2665 2666 2667 2670 2677 2684 2688 2695 2697 2703 2711 2713 2715 2716 2720 2721 2722 2727 2741 2746 2747 2748 2750 2753 2764 2766 2771 2772 2781 2795 2798 2804 2806 2812 2815 2817 2822 2824 2825 2826 2827 2837 2838 2841 2846 2855 2856 2858 2860 2861 2876 2878 2883 2884 2885 2887 2892 2894 2895 2896 2898 2899 2907 2911 2913 2919 2924 2927 2929 2934 2940 2941 2943 2944 2948 2949 2950 2953 2955 2957 2960 2971 2974 2979 2980 2981 2995 3007 3008 3015 3020 3028 3029 3040 3049 3050 3051 3052 3053 3057 3067 3069 3073 3074 3076 3088 3094 3100 3107 3115 3120 3121 3126 3132 3133 3148 3149 3151 3164 3165 3170 3172 3175 3184 3195 3198 3206 3208 3213 3221 3237 3243 3257 3264 3266 3270 3283 3295 3300 3313 3325
32 79 114 120 138 145 154 155 264 301 362 415 435 456 466 492 494 529 558 587 604 628 774 809 823 851 925 937 983 998 1010 1044 1071 1072 1079 1116 1191 1201 1239 1265 1302 1396 1399 1415 1420 1481 1506 1535 1569 1571 1576 1608 1666 1726 1773 1803 1819 1844 1933 1941 1957 2063 2114 2117 2129 2154 2182 2183 2205 2223 2258 2313 2357 2361 2412 2416 2430 2441 2451 2453 2475 2495 2521 2552 2559 2563 2580 2590 2620 2622 2626 2674 2681 2705 2719 2731 2734 2735 2776 2784 2786 2787 2816 2820 2821 2881 2901 2922 2951 2968 2969 2977 2978 3229
60 219 221 397 412 550 586 808 836 942 994 1158 1220 1231 1344 1518 1648 1837 1904 1990 2235 2300 2332 2423 2488 2489 2579 2632 2650 2652 2682 2785
493 692 2586
44
2399 2476
617
1568 1606
888
2830
469
969
1626
2783
583
1423
1012 1866 2401
115 1812
42 87 122 162 166 199 289 300 345 449 491 515 569 573 626 640 641 832 855 862 874 892 904 934 936 952 981 993 1070 1073 1074 1107 1154 1195 1200 1205 1250 1317 1365 1392 1439 1611 1627 1665 1707 1751 1802 1806 1815 1884 1961 1963 1980 2015 2215 2222 2286 2291 2301 2308 2326 2338 2409 2530 2562 2570 2611 2654 2669 2692 2702 2739 2833 2890 2906 2908 2923 2959 2961 2966 2990 3004 3022 3048 3095 3117 3136 3177 3238
34 76 103 110 287 531 697 718 773 999 1084 1160 1223 1297 1485 1734 1865 2034 2253 2293 2310 2312 2386 2461 2723 3046 3109
48 907 2946
887
2656
1621
1725 1945
2459
1897
2175
2900
3194
1098
2197
2912
187 235 276 431 651 682 727 772 775 804 890 991 1032 1083 1104 1163 1232 1288 1298 1431 1447 1461 1575 1587 1695 1779 1813 1928 2012 2051 2059 2077 2137 2220 2413 2487 2502 2529 2533 2539 2549 2578 2607 2616 2643 2687 2710 2762 2790 2796 2845 2994 3011 3130 3258
866 2064
248 1618 2435
1034 1972 2260
2623
625
1400 3072
1822 2330 3134 3242
1228
422 526 1473 3031 3216
589 1809 3108
963 1252 2436
1880
2317
756
1215
1113
451 1823
391 477 696 813 1174 1524 1530 1950 2740 2854 3145 3296
62 270 483 745 2402 2828
2349
1944
2397
3047
542
2340
1645
2520
668
621
84 2647
2926
137 2448
2507
1132
52 1581 1760 2651
2210
1968
2370
171 195 414
1411 2508
487
1430
1737 1966
82 592
2218
255
683 882 1544 2733 2965
714 1677
662 2639
2862
267 2627 3250
2229 2867
229 1036
2704
1993
304
2598
638
246
2556
1552
1276 2444
243 931 1719
1854 2634
209
337 3026
308 966
2428
1367
148 2775
454
1667
2231
2706
1035
1583
2033 2333 2434
671
1876
2829
152 238 1282
230
1013
2167
2418
2405
623 1709
2491
1291 2022
2283
17
315 1118
2638
1014 2419
2417
844 1260 1684 2346 2985
1669 1678 1699 1836 1868 2774
99
921 1094 2164 2425
649 1934 2186 3081 3157
102 778 1888 2081
924
1558 2321
1462 2381
40 56 70 116 119 205 215 231 279 400 516 543 565 601 639 722 782 992 1047 1063 1126 1211 1213 1233 1256 1342 1442 1479 1519 1590 1671 1739 1765 1796 1814 1846 1905 2014 2026 2341 2389 2465 2525 2606 2610 2805 2932 3012 3039 3065
191 192 326 331 442 1731 2066 2141 2813
1572 2728 3038
1322
488 1171
27 1370 2355 2676 3135
1588
1031 2373
14 1747 2456
1895
642
1327
1722
2671
2869
1412 2791
1982
2098
2227
1679
1843 3019
541
650
3018
1919
2836 3077
206
559 2415
1146
1528
151
429
13
228 1003 2324 2363
403 616 830 2499 2823
143 1830 1891 2566 3129 3274
3287
2067 2111
2493
1045
2362
472
1005
2315
2190
2068
2555 2589 2605
181 352 2640
1097 1741 2641 2642
1440
2265
2406
1810
111 2270
941 2468
3275
1673
2354
2443
986 1826
678 1732
1016
2445
2581
139 2633
2565
1759
439 2707 2967
405
1065
348 2528
848
562 2582
877 1601
1181
913
2597
28 2024
896
374
358 379 1085 1469 1856 2587 2773
1706
1908
568
2352
1144
1586
157
1584
2920
527 1470 1833 1991 2162 2424 2426 2548
173 1029 2322 3228
710
2323
553 1350 2329 2506
748
2517
59
50 133 223 372 826 876 932 1254 1448 1494 1532 1656 2184 2225 2255 2400 2421 2712
1240 2956
29
96
473
2 97 158 269 293 332 406 430 461 510 518 575 596 611 665 750 814 943 1020 1022 1027 1028 1053 1081 1088 1095 1145 1209 1303 1320 1325 1358 1393 1436 1458 1492 1556 1688 1708 1761 1769 1869 1916 1949 1992 2021 2090 2093 2133 2213 2238 2343 2364 2422 2427 2479 2482 2510 2515 2574 2585 2604 2768 2780 2800 2831 2864 2910 2928 2958 3139 3153 3154 3173
2544
180 691 947 1263 1711 2868 3222
77 1136 1878 2359 3010
918 2160 2378 2382 2595 2992 3147
1236 1630 2096 2473
1523 2673
71
375 1287
1402 1727
2367
2368 2369
213 784
107 156 226 274 566 769 791 861 865 905 1067 1331 1418 1546 2372 2498 2646 2777 2921 3027 3204 3205 3297
2644
417 1700 3037
1001 2875
2668
1472
242
716 820 1592
1705
878 1156
797
1131
1336
1203
2849
161 428 432 935 959 1120 1441 1537 1578 1597 1829 1859 2006 2042 2221 2353 2407 2463 2560 2737 3233 3253
1416
74 2976
498 1780 2975
4 8 15 20 23 61 72 81 95 109 121 147 177 201 240 249 298 329 336 338 360 381 524 525 539 585 624 630 631 633 661 674 712 724 731 735 741 743 768 770 793 794 885 902 909 917 939 944 1007 1017 1040 1086 1089 1093 1173 1193 1238 1249 1253 1280 1294 1307 1314 1364 1381 1417 1432 1437 1452 1463 1507 1549 1555 1570 1624 1628 1651 1652 1663 1670 1696 1703 1712 1718 1748 1758 1775 1811 1834 1841 1867 1909 1939 2011 2038 2082 2105 2122 2138 2156 2161 2170 2272 2320 2350 2391 2477 2513 2532 2628 2629 2631 2680 2709 2751 2763 2788 2789 2794 2843 2844 2939 2986 2987 3000 3030 3045 3058 3059 3060 3091 3103 3104 3118 3119 3140 3181 3182 3186 3189 3220 3231 3245 3247 3252 3255 3262 3268 3269 3277 3302 3303 3305 3309
280 311 656 1890 1929 2518 2937 3201
98 903 1202 2573
1511
1168
1080 2061 2658
2730
1768 2511
1221 2246 2336 2474
1380 2376
266 284 320 444 603 841 858 870 927 954 1002 1046 1166 1269 1561 1617 2115 2134 2553 2714 2732 3035 3036 3225 3254
2478
1124 2351 3273
2344
3207
330 688 689 1879 2327 2752 2938 3202
3185
