1 3 4 5 6 7 8 9 10 11 12 15 16 18 21 22 24 25 26 27 30 31 33 35 36 37 38 39 40 41 43 45 46 47 49 51 53 54 57 58 63 64 65 66 68 69 72 73 75 78 80 83 85 86 87 88 89 90 91 92 93 94 95 101 104 105 106 108 109 112 113 116 117 118 121 122 123 124 125 126 127 128 129 130 131 134 135 140 141 142 144 146 147 150 160 163 164 165 167 168 169 170 172 174 175 176 177 179 182 183 184 185 186 188 189 192 193 194 196 197 198 200 201 202 203 207 208 210 211 212 216 220 222 224 225 227 232 233 234 236 237 239 241 244 245 247 249 250 251 252 253 256 257 258 259 260 261 262 263 265 268 271 272 273 275 276 277 278 279 281 282 283 284 285 286 288 289 290 291 292 294 295 296 297 299 300 302 306 307 309 310 313 314 316 318 319 321 322 323 324 325 326 327 328 329 331 333 334 335 336 338 339 341 342 343 344 345 346 347 349 350 351 353 354 355 356 357 359 360 361 363 364 366 367 368 369 370 371 373 376 377 378 379 380 381 382 383 384 385 386 387 388 389 390 392 393 394 396 398 399 401 402 404 407 408 409 411 413 416 418 419 420 421 423 424 425 426 427 431 433 434 437 438 440 441 443 445 446 447 448 449 450 452 453 455 457 458 459 460 462 463 464 465 468 470 471 475 476 478 479 480 481 482 485 486 489 490 491 496 497 499 500 501 502 503 504 506 508 511 512 513 514 515 517 519 520 521 522 523 524 527 528 530 532 533 534 535 537 538 539 540 544 545 546 547 548 552 553 554 555 556 557 561 563 564 565 569 570 571 572 576 577 579 580 581 582 584 588 590 593 594 595 597 598 599 600 601 602 605 606 607 608 609 610 612 613 614 615 616 618 620 622 624 626 627 629 632 633 634 636 637 639 640 641 643 644 645 646 647 648 652 653 654 655 657 658 659 660 663 664 666 667 669 670 672 675 677 679 680 682 684 685 686 687 688 689 690 693 694 695 698 699 700 701 702 703 705 707 708 709 711 713 715 719 721 723 725 726 727 728 729 730 732 733 734 736 737 738 739 740 742 744 746 749 751 752 753 754 755 757 758 759 760 761 762 763 764 765 766 767 770 775 776 777 780 781 783 785 786 787 788 789 790 792 794 796 798 799 800 801 802 803 805 806 807 810 811 812 815 816 817 818 819 821 822 824 825 827 828 829 831 832 833 834 835 837 838 839 842 843 845 846 847 849 850 852 853 854 856 857 859 860 863 864 867 868 869 871 872 873 875 879 880 881 883 884 886 889 891 893 894 895 897 898 899 900 901 904 906 908 910 911 912 914 915 917 919 920 926 927 928 930 933 934 939 940 941 944 945 946 948 949 950 951 953 955 956 957 958 960 961 962 964 965 968 970 971 972 973 974 975 976 977 978 979 980 981 982 984 985 987 988 989 990 992 995 996 997 1004 1006 1007 1008 1009 1011 1015 1018 1021 1024 1025 1026 1030 1038 1039 1041 1043 1048 1049 1050 1051 1052 1054 1056 1057 1058 1059 1060 1061 1062 1063 1064 1066 1068 1069 1070 1074 1075 1076 1077 1078 1082 1085 1086 1087 1090 1091 1096 1099 1100 1101 1102 1103 1105 1106 1107 1108 1109 1110 1111 1112 1114 1115 1119 1121 1122 1123 1125 1127 1128 1129 1130 1133 1134 1135 1137 1138 1139 1140 1141 1142 1143 1147 1148 1149 1150 1151 1152 1155 1159 1161 1162 1164 1165 1166 1167 1169 1170 1172 1173 1175 1176 1178 1179 1180 1182 1183 1185 1186 1188 1189 1192 1193 1194 1196 1197 1198 1199 1200 1204 1205 1206 1207 1208 1210 1213 1214 1216 1217 1218 1219 1222 1224 1225 1227 1229 1230 1232 1234 1235 1237 1241 1243 1244 1245 1246 1247 1248 1249 1250 1251 1255 1258 1259 1261 1262 1264 1266 1267 1268 1269 1270 1271 1273 1274 1275 1277 1278 1279 1280 1281 1283 1284 1285 1286 1288 1289 1290 1292 1293 1294 1295 1296 1298 1299 1300 1301 1304 1305 1306 1307 1308 1309 1310 1311 1313 1315 1316 1317 1318 1319 1321 1323 1324 1326 1328 1329 1330 1332 1333 1335 1337 1338 1339 1340 1343 1345 1346 1348 1351 1353 1354 1355 1356 1357 1359 1360 1361 1362 1366 1368 1369 1371 1372 1373 1374 1375 1376 1377 1378 1379 1381 1383 1384 1385 1386 1387 1388 1389 1390 1391 1392 1394 1395 1397 1398 1401 1402 1403 1404 1405 1406 1407 1408 1409 1410 1413 1414 1416 1419 1421 1422 1424 1425 1426 1427 1428 1429 1431 1433 1434 1435 1437 1438 1439 1443 1444 1445 1446 1447 1451 1452 1453 1455 1456 1457 1459 1460 1461 1464 1465 1466 1467 1468 1469 1470 1471 1475 1476 1477 1478 1479 1480 1482 1483 1484 1486 1487 1488 1489 1490 1491 1493 1495 1496 1497 1498 1499 1500 1501 1502 1503 1504 1505 1507 1508 1509 1510 1511 1512 1513 1514 1515 1516 1517 1520 1521 1522 1525 1526 1527 1528 1529 1531 1533 1534 1536 1538 1539 1540 1541 1542 1543 1545 1547 1548 1549 1550 1551 1553 1554 1555 1557 1559 1560 1563 1564 1565 1566 1567 1570 1573 1574 1577 1579 1580 1582 1589 1591 1593 1594 1595 1596 1598 1599 1600 1602 1603 1605 1607 1609 1612 1613 1615 1616 1619 1620 1622 1624 1625 1627 1628 1629 1630 1632 1633 1634 1636 1637 1638 1639 1640 1642 1643 1644 1646 1647 1649 1650 1653 1654 1655 1657 1658 1659 1660 1661 1662 1663 1665 1668 1670 1672 1674 1675 1676 1680 1681 1682 1683 1685 1686 1687 1689 1690 1691 1692 1693 1694 1695 1696 1697 1698 1701 1702 1704 1707 1712 1713 1714 1715 1716 1717 1718 1720 1721 1723 1724 1728 1729 1730 1731 1733 1735 1736 1738 1739 1740 1741 1742 1743 1744 1745 1746 1748 1749 1750 1751 1752 1753 1754 1755 1756 1757 1763 1764 1765 1766 1767 1770 1772 1774 1775 1776 1777 1778 1779 1781 1782 1784 1785 1786 1787 1788 1789 1790 1791 1793 1794 1795 1797 1798 1799 1800 1801 1802 1804 1805 1806 1807 1808 1815 1816 1817 1818 1820 1821 1825 1827 1828 1831 1833 1834 1835 1838 1839 1840 1842 1843 1845 1847 1849 1850 1851 1852 1853 1855 1856 1857 1858 1860 1861 1862 1863 1864 1867 1870 1871 1872 1873 1874 1877 1881 1882 1883 1885 1886 1887 1889 1892 1893 1894 1896 1898 1899 1900 1901 1902 1905 1906 1907 1909 1910 1911 1912 1913 1914 1915 1917 1918 1920 1921 1923 1924 1925 1926 1927 1928 1930 1931 1932 1935 1936 1937 1938 1939 1940 1942 1943 1946 1947 1948 1951 1952 1953 1954 1955 1956 1958 1959 1960 1961 1962 1963 1964 1965 1967 1969 1970 1973 1975 1976 1977 1978 1979 1981 1983 1984 1985 1986 1988 1989 1994 1995 1996 1997 1999 2001 2002 2003 2004 2005 2007 2008 2009 2010 2011 2012 2013 2014 2015 2016 2017 2018 2019 2020 2025 2027 2028 2030 2031 2032 2035 2036 2037 2038 2039 2040 2041 2043 2044 2045 2046 2047 2048 2049 2050 2052 2056 2057 2058 2062 2065 2066 2069 2070 2071 2072 2073 2075 2076 2077 2078 2079 2080 2082 2083 2084 2085 2086 2087 2088 2089 2091 2092 2094 2095 2097 2099 2100 2101 2102 2103 2104 2105 2106 2107 2108 2109 2110 2112 2118 2119 2121 2124 2125 2126 2127 2128 2130 2131 2132 2134 2136 2137 2138 2139 2140 2142 2143 2144 2145 2146 2147 2149 2150 2151 2152 2153 2157 2158 2159 2161 2163 2165 2166 2168 2169 2170 2171 2172 2173 2174 2176 2177 2178 2179 2180 2181 2185 2187 2188 2189 2191 2192 2193 2194 2195 2196 2198 2199 2200 2201 2202 2204 2208 2209 2212 2214 2217 2222 2224 2226 2228 2230 2232 2233 2236 2237 2239 2240 2241 2242 2243 2244 2245 2247 2248 2249 2250 2251 2252 2254 2256 2257 2259 2261 2262 2263 2264 2266 2267 2268 2269 2271 2273 2274 2275 2277 2280 2281 2282 2284 2285 2286 2287 2288 2289 2290 2291 2292 2294 2295 2296 2298 2299 2301 2302 2303 2304 2305 2306 2307 2308 2309 2311 2314 2316 2318 2319 2325 2326 2327 2328 2329 2331 2334 2337 2338 2339 2345 2348 2356 2360 2365 2366 2371 2374 2375 2377 2379 2383 2384 2385 2387 2388 2390 2391 2392 2393 2394 2395 2396 2398 2403 2404 2408 2409 2410 2411 2413 2414 2420 2424 2429 2431 2432 2433 2437 2438 2439 2440 2442 2447 2449 2450 2452 2454 2455 2457 2458 2460 2462 2466 2468 2469 2471 2472 2473 2477 2480 2481 2483 2484 2485 2490 2492 2494 2497 2500 2501 2503 2504 2505 2506 2509 2512 2513 2514 2519 2522 2523 2524 2526 2527 2531 2533 2534 2536 2537 2538 2539 2540 2541 2543 2545 2546 2547 2549 2551 2553 2554 2557 2558 2561 2564 2567 2568 2569 2570 2571 2572 2575 2576 2577 2583 2584 2588 2591 2592 2593 2594 2596 2600 2601 2603 2607 2608 2609 2610 2612 2616 2617 2618 2619 2621 2624 2625 2628 2630 2631 2635 2636 2637 2648 2653 2654 2655 2657 2658 2659 2660 2662 2663 2664 2667 2670 2672 2675 2677 2678 2679 2683 2684 2685 2686 2688 2689 2690 2691 2693 2694 2695 2696 2697 2698 2699 2700 2701 2702 2703 2708 2710 2711 2713 2715 2716 2717 2718 2724 2725 2726 2727 2729 2736 2738 2741 2742 2743 2744 2745 2747 2748 2749 2750 2751 2752 2753 2754 2755 2756 2757 2758 2759 2760 2761 2762 2764 2765 2766 2767 2769 2770 2771 2773 2778 2779 2782 2788 2789 2792 2793 2794 2795 2796 2797 2799 2801 2802 2803 2804 2806 2807 2808 2809 2810 2811 2812 2814 2815 2817 2818 2819 2822 2824 2826 2832 2833 2834 2835 2838 2839 2840 2842 2844 2847 2848 2850 2851 2852 2853 2855 2857 2859 2861 2863 2865 2866 2870 2871 2872 2873 2874 2876 2877 2878 2879 2880 2882 2883 2884 2885 2886 2888 2889 2890 2891 2893 2894 2895 2896 2897 2898 2902 2903 2904 2905 2906 2907 2909 2911 2914 2915 2916 2917 2918 2919 2923 2924 2925 2930 2931 2933 2934 2935 2936 2938 2939 2940 2941 2942 2943 2944 2945 2947 2948 2952 2953 2954 2955 2957 2959 2960 2962 2963 2964 2966 2970 2971 2972 2973 2979 2980 2981 2982 2983 2984 2986 2987 2988 2989 2991 2993 2996 2997 2998 2999 3000 3001 3002 3003 3004 3005 3006 3007 3008 3009 3011 3013 3014 3016 3017 3020 3021 3023 3024 3025 3028 3029 3030 3032 3033 3034 3035 3040 3041 3042 3043 3044 3045 3049 3051 3053 3054 3055 3056 3057 3058 3059 3060 3061 3062 3063 3064 3065 3066 3068 3069 3070 3071 3073 3074 3075 3076 3078 3079 3080 3082 3083 3084 3085 3086 3087 3088 3089 3090 3092 3093 3095 3096 3097 3098 3099 3101 3102 3103 3104 3105 3106 3107 3110 3111 3112 3113 3114 3115 3116 3120 3121 3122 3123 3124 3125 3127 3128 3130 3131 3132 3133 3136 3137 3138 3141 3142 3143 3144 3146 3148 3149 3150 3151 3152 3155 3156 3158 3159 3160 3161 3162 3163 3164 3165 3166 3167 3168 3169 3170 3171 3172 3174 3175 3176 3177 3178 3179 3180 3181 3182 3183 3184 3187 3188 3189 3190 3191 3192 3193 3195 3196 3197 3198 3199 3200 3202 3203 3206 3207 3208 3209 3210 3211 3212 3213 3214 3215 3217 3218 3219 3220 3221 3223 3224 3225 3226 3227 3228 3230 3232 3234 3235 3236 3237 3238 3239 3240 3241 3243 3244 3245 3246 3247 3248 3249 3251 3252 3255 3256 3257 3258 3259 3260 3261 3262 3263 3264 3265 3267 3268 3269 3270 3271 3272 3276 3278 3279 3280 3281 3282 3283 3284 3285 3286 3288 3289 3290 3291 3292 3293 3294 3298 3299 3300 3301 3302 3303 3304 3306 3307 3308 3310 3311 3312 3313 3314 3315 3316 3317 3318 3319 3320 3321 3322 3323 3324 3326 3327
2 14 19 20 23 32 55 56 67 70 74 79 81 97 100 107 114 119 120 132 136 138 145 149 152 153 154 155 157 158 159 166 173 178 181 187 190 191 199 204 214 217 228 235 238 254 264 269 280 287 301 303 305 311 312 317 320 330 340 352 358 362 365 375 395 400 403 406 410 415 417 422 430 432 435 436 456 461 466 467 474 484 492 494 495 505 507 509 510 529 543 549 551 558 560 567 574 578 585 587 591 596 603 611 619 628 631 635 642 651 656 665 673 674 676 681 683 697 704 706 712 717 718 720 722 724 735 743 747 748 768 771 772 774 779 782 795 804 809 814 823 840 851 855 877 882 885 890 902 909 916 918 922 923 925 929 935 936 937 938 943 954 967 983 986 991 993 998 1000 1001 1002 1010 1016 1017 1019 1020 1022 1023 1028 1029 1032 1033 1037 1040 1042 1047 1055 1065 1071 1072 1073 1079 1080 1083 1084 1088 1089 1092 1093 1097 1104 1116 1117 1120 1124 1126 1146 1153 1154 1157 1163 1177 1184 1187 1191 1201 1209 1211 1212 1223 1226 1233 1236 1238 1239 1242 1253 1256 1257 1265 1272 1282 1287 1302 1312 1314 1334 1341 1342 1347 1349 1350 1352 1363 1364 1370 1382 1393 1396 1399 1415 1417 1418 1420 1432 1436 1440 1441 1442 1449 1450 1454 1463 1473 1474 1481 1485 1492 1519 1535 1544 1556 1562 1569 1572 1575 1576 1578 1583 1585 1587 1590 1601 1608 1610 1611 1617 1623 1631 1635 1641 1652 1664 1666 1671 1673 1678 1679 1688 1700 1703 1708 1711 1726 1727 1734 1747 1761 1762 1769 1773 1783 1792 1796 1803 1810 1811 1813 1814 1819 1824 1826 1830 1832 1841 1844 1846 1848 1868 1869 1875 1879 1884 1890 1903 1922 1929 1933 1941 1957 1971 1974 1987 1998 2000 2006 2021 2023 2029 2033 2051 2053 2054 2055 2059 2060 2063 2074 2090 2096 2113 2116 2117 2120 2122 2123 2129 2133 2135 2141 2148 2154 2182 2183 2203 2205 2206 2207 2211 2213 2216 2219 2220 2223 2234 2238 2253 2258 2276 2278 2279 2293 2297 2312 2313 2320 2322 2323 2324 2335 2341 2342 2344 2347 2350 2351 2355 2357 2358 2361 2363 2378 2380 2416 2418 2422 2427 2434 2441 2446 2451 2453 2456 2463 2464 2465 2467 2470 2475 2482 2486 2487 2493 2495 2496 2498 2499 2502 2510 2515 2516 2517 2518 2521 2525 2529 2532 2535 2542 2544 2548 2550 2552 2559 2562 2563 2574 2578 2585 2587 2590 2599 2602 2606 2611 2613 2614 2615 2620 2622 2626 2629 2640 2641 2642 2643 2645 2649 2661 2665 2666 2669 2674 2676 2681 2705 2709 2714 2719 2720 2721 2722 2731 2734 2735 2739 2746 2772 2776 2777 2780 2781 2784 2786 2787 2790 2798 2805 2813 2816 2820 2821 2823 2825 2827 2831 2836 2837 2841 2843 2845 2846 2856 2858 2860 2881 2887 2892 2899 2901 2910 2913 2921 2922 2927 2928 2929 2932 2937 2950 2951 2958 2968 2969 2974 2976 2978 2992 2995 3015 3019 3022 3031 3036 3037 3039 3046 3048 3050 3052 3067 3094 3100 3126 3129 3135 3139 3140 3153 3154 3185 3186 3201 3216 3229 3231 3266 3273 3277 3295 3309
52 60 96 148 219 221 223 229 243 348 397 412 550 586 650 678 692 716 797 808 820 836 876 878 896 931 932 942 994 1031 1156 1158 1168 1220 1221 1231 1254 1327 1336 1344 1400 1518 1532 1648 1732 1737 1759 1822 1837 1904 1990 2067 2111 2184 2231 2235 2255 2283 2332 2367 2369 2373 2400 2406 2421 2423 2445 2474 2488 2489 2528 2586 2650 2652 2682 2775 2785 3018
44 493 963 966 1252 1760 2098 2405 2507 2651
1645 2197 2399 2476
617
888
2926
969
1944
1215 2783
583
1423
62 77 102 115 171 248 270 483 488 649 778 1012 1136 1144 1260 1448 1494 1725 1866 1888 2225 2349 2359 2401 2402 2828 2956 3081 3157 3287
1812 1934
34 42 48 61 76 103 110 161 162 180 205 231 293 298 391 477 516 518 525 531 573 575 589 630 661 696 731 750 773 793 813 862 874 892 907 921 952 999 1027 1053 1145 1160 1174 1195 1263 1297 1325 1365 1458 1524 1530 1651 1669 1916 1950 1980 1992 2034 2042 2093 2156 2160 2164 2215 2272 2310 2364 2382 2386 2389 2461 2479 2530 2604 2680 2687 2692 2723 2737 2740 2763 2768 2854 2864 2908 2946 2961 2990 3091 3108 3109 3117 3145 3147 3173 3222 3296
541 621 1982 2397 2436 2656 2869
99 1034 2459
668
1621
1897
2623 3047
84 451
3194
1098
1823 2340
756
59 215 240 242 266 274 332 498 536 559 566 604 741 791 830 861 870 947 1003 1190 1322 1537 1546 1614 1710 1768 1771 1780 1809 1836 2061 2114 2155 2221 2353 2415 2430 2566 2580 2646 2728 2732 2774 2800 2875 2965 2975 2977 2994 3012 3027 3118 3119 3233 3274 3297
625 2647
592 1966 1968
414 844
2175 2900
29 887 2190 2448
1993
848 866 1132 1411 1880 1895 2064 2229 2265 2508 2627 3250
137 151 487 568 671 1586 1972 2317
1113 2598
638 1876
2520 2597 2912
13 255 662 2639 2862
133 1005 1228 1684 1945 2081 2186 2260 2435 2867
469
1430 2830
1626
1380 1722 2671
542
1367 2849 3275
209
28 2024
1588
454
1013 1667
2354 2444
2829
2704
1035
304
2443 2673
2218 2362
315 1118 2417
2633
623 1568 1606 1709
2491
50 195 206 213 267 372 429 745 784 826 924 1036 1045 1171 1203 1240 1412 1462 1472 1558 1581 1584 1592 1618 1656 1878 1908 2227 2246 2300 2321 2330 2336 2346 2352 2368 2381 2579 2632 2644 2712 2730 2791 2920 2985 3010 3072 3242
143 156 442 526 959 1044 1081 1095 1303 1358 1571 1699 1758 1859 1865 1891 1949 2026 2343 2511 2595 2733 3038 3305 3325
472 691 841 865 905 1320 1331 1506 1561 1991 2115 2162 2210 2372 2412 2426 2478 2556 2589 2868 2949
2315 2370
139 230 308 1131 1854 1919 2428
1291 2022 2376 2668
1276 2565 2634
111 337 405 439 473 562 1552 1705 1719 2270 2581 2582 2706 2707 2967 3026
1181
17
374 913 2638
2167
1014 2419
1523 3077
2068
71
710
769
82
1067 1706 2605 3204 3205
2333
3134
98 218 444 858 903 1046 1202 1597 1604 1829 2407 2573 3253 3254
428 2560
714 1677
226 246
1094 2425 2555
