193 224 277 359 547 593 835 839 846 849 893 911 914 1015 1062 1149 1167 1270 1271 1324 1361 1376 1480 1501 1521 1550 1553 1603 1633 1766 1882 1887 2132 2195 2280 2295 2360 2564 2577 2601 2725 2877 2882 3083 3123 3124 3191 3261
2393
3255
2805
3274
2733
2368
836
3018
2098
151
2405
1667
1118
17
623
1035
1568
1430
454
2830
2926
542
469
969
756
1626
1944
2783
1215
583
1423
1 3 5 7 12 16 36 37 38 46 64 90 112 117 118 128 130 134 141 144 146 164 165 172 175 176 184 186 188 197 200 203 208 234 236 239 252 257 263 265 271 278 282 296 306 307 310 316 321 335 344 346 350 356 361 367 368 370 376 385 386 388 392 401 416 424 426 427 433 437 457 462 468 471 478 480 481 482 508 523 535 571 572 581 584 590 597 602 615 622 627 629 637 644 646 647 658 659 663 666 686 700 702 713 719 732 733 736 740 751 754 760 764 767 786 787 788 789 805 811 818 822 824 842 843 845 850 853 856 859 863 867 869 871 884 891 894 897 898 899 900 910 920 926 940 946 948 949 953 962 964 974 978 984 988 996 1006 1030 1038 1054 1056 1057 1066 1075 1082 1087 1096 1101 1105 1111 1114 1115 1122 1125 1127 1128 1134 1138 1140 1150 1155 1159 1161 1165 1170 1178 1182 1210 1229 1230 1241 1251 1259 1268 1275 1277 1278 1284 1285 1290 1292 1305 1313 1318 1328 1333 1337 1340 1345 1346 1348 1369 1371 1375 1390 1398 1404 1405 1406 1414 1426 1433 1443 1453 1459 1460 1476 1496 1497 1498 1502 1503 1504 1508 1509 1512 1513 1520 1527 1536 1542 1548 1551 1560 1565 1589 1593 1594 1595 1598 1602 1605 1609 1612 1615 1632 1637 1644 1647 1662 1674 1675 1681 1682 1689 1690 1693 1701 1713 1714 1717 1740 1742 1746 1757 1764 1774 1776 1777 1787 1791 1794 1799 1801 1804 1808 1816 1817 1821 1831 1853 1863 1874 1877 1889 1893 1899 1900 1901 1910 1914 1915 1930 1931 1932 1935 1938 1942 1948 1952 1953 1955 1956 1958 1964 1970 1973 1975 1976 1979 1983 2005 2007 2009 2019 2020 2027 2035 2037 2043 2045 2052 2057 2062 2070 2072 2076 2079 2080 2085 2094 2102 2118 2119 2124 2127 2130 2136 2147 2165 2172 2193 2194 2196 2198 2202 2214 2217 2224 2230 2237 2242 2257 2261 2266 2269 2273 2288 2304 2311 2318 2319 2337 2345 2385 2410 2433 2438 2455 2457 2458 2466 2469 2501 2503 2509 2519 2522 2527 2534 2545 2567 2583 2592 2594 2617 2689 2690 2700 2701 2726 2743 2744 2745 2759 2761 2778 2779 2799 2802 2803 2807 2808 2809 2814 2819 2835 2848 2850 2851 2852 2853 2872 2873 2874 2880 2886 2893 2915 2916 2917 2918 2930 2935 2936 2942 2947 2962 2963 2973 2983 2984 2989 2996 2997 2998 2999 3002 3017 3034 3044 3062 3078 3097 3098 3099 3101 3105 3106 3112 3113 3114 3122 3127 3128 3142 3144 3159 3166 3167 3179 3180 3183 3192 3193 3212 3227 3239 3240 3244 3246 3259 3260 3263 3265 3279 3280 3286 3308 3311 3314 3316 3317 3320 3321 3323 3324 3326
2400
1144
2349
1812
1383
87 122 289 300 345 449 491 515 569 626 640 641 832 904 934 981 1070 1074 1107 1200 1205 1250 1317 1392 1439 1627 1665 1707 1751 1802 1806 1815 1961 1963 2015 2222 2286 2291 2301 2308 2326 2338 2409 2570 2654 2702 2833 2890 2906 2923 2959 2966 3004 3095 3136 3177 3238
2376
229
1012
115
2590
2253
2310
2946
1131
2397
887
2656
1621
1879
2562
162 573 874 892 952 1195 1980 2215 2908 3117
267
1945
1897
966
541
2829
668
3194
1098
851
2312
531
907
617
638
304
2912
3047
2647
2900
2627
621
2459
2340
1823
2197
888
2141
205
1298
1779
866
1982
1034
2517
2341
2763
625
2623
1908
1168
1228
1136
353
2255
1260
710
2229
2530
2552
596
2042
1263
2373
2225
77
2443
2482
1053
848
1252
2190
2910
1027
2864
2231
2867
248
1005
1344
71
1684
171
451
1297
2740
2435
2260
2401
2402
649
99
483
62
3157
2674
2364
2093
1645
2520
308
1895
2448
1934
1725
2436
2869
2175
84
1160
773
1950
671
29
2399
2704
1993
1876
2929
1530
442
2026
98 903 1202 2573
199
642
691
1809
2920
473
826
50
1558 2321
865
1303
1320
3010
2780
2515
2845
2378
466
332
243
650
2712
2453
1601
1706
428 2560
2652
366
2790
1367
1880
13
2862
1759
1462
1586
1485
487
3154
1572
1972
2081
2186
568
59
1719
2354
219
2330
488
3275
748
1084
2353
2444
924
133
3242
2370
414
1171
1472
1618
662 2639
745
2359
2381
1888
102
2992
137
2317
2956
2768
921 2164
2508
2597
1113
2634
1132
2633
1760
97
2566
3134
2067
2315
1732
397
1737
2167
2218
2644
714
352
190
143
3297
1546
844
1957
2565
784
3287
1656
2555
274
52
2152
2975
2646
1001
337
2638
2849
2406
1203
2507
820
2498
861
44
2227
1254
2875
2598
692
230
1792
1966
1154
922
1083
1506 2412
1669
604
937
1919
2445
429
1968
2651
100
3037
963
82
2734
3205
1648
1067 3204
2265
1854
1276
566
226
246
923
1240
2985
2055
1045
1412 2791
2324
148
209
1036
716
255
1302
1891
2068
2362
2363
41
1221 2474
1722
2671
96
1705
2074
2528
2024
1181
2707
2581
3026
2668
1013
2706
1581
2184
579
2542
2550
3153
139
2488
2476
2022
2182
3031
550
1191
456
913
1606
1709
2417
2491
214
994
2775
1291
2283
114
558
678
967
1358
1623
1761
2475
493
1726
1941
153
415
1231
1990
2111
2428
374
932
315
1014
2418
2419
1608
221
2183
2205
1399
2148
2332
2421
2422
2423
808 942 1220
1010
1600
2054
2785
2787
434
529
1072
1158 2235
2968
2969
154
1011
1428
1911
2776
2821
111
823
2746
810
929
1465
1478 3049
1769
1866
2270
2841
3048
3050
299
681
769
931
983
1474
1666
2090
2300
2719
60
797
2883
3087
28
138
198
628
2666
2129
2258
2489
2586
2667
2430
155
876
1071
2887
1493
1588
1822
2681
2682
290 528 1591 2824
303
586
1282
247
587
896
938
2786
1481
2784
494
1055
2650
2825
2861
3100
85 654
3149
216 490 564 648 677 1388 1517 1526 1694 1754 2101 2259 3217 3218 3219
235
406
791
1003
1201
1411
1702
2921
2951
30 776 800 2822
979
2048
1016
1274 1659 1835 2140
1415
1583
1631
1664
2116
2117
2664
2665
2669
2823
2828
2831
507
518
1844
2388
2585
3081
2123
2251
1049 3054
1678
2574
3175
283 1164
1225 3041 3042
1841 2350
125 1293 1800 2092 2103 3199
174 1925
651
3147
258 327 475 561 698 758 985 1457 1715 1784 1785 1870 1907 2100 2128 2366 2483 2695 2971 3057 3164 3206
3222
42 862 2961 2990
1949
1209 1492
2210
3038
2479
991
525
696
1174
2346
1494
1382
1830
2958
943
2461
3296
1592
110 2386
180
1448
947
2369
231
48
22 47 68 113 126 262 291 302 369 377 438 458 512 582 594 609 613 618 620 636 672 695 753 763 790 802 889 908 968 1004 1048 1058 1091 1135 1169 1176 1214 1217 1315 1362 1372 1378 1395 1466 1489 1490 1500 1514 1540 1599 1613 1646 1650 1691 1840 1858 1860 1894 1898 1906 1912 1936 1978 1989 1994 2017 2097 2099 2144 2146 2173 2176 2239 2249 2264 2271 2281 2287 2377 2404 2431 2504 2505 2754 2757 2758 2810 2811 2834 2857 2859 2891 2905 2970 3005 3006 3016 3024 3032 3064 3089 3093 3096 3137 3138 3176 3178 3215 3251 3290 3292 3298 3304 3322
2494
1336
2816
55
270
782
878 1156
1380
301
412
1234 3013
1532
288 2149 2331
502
1584
554 1539 1687 2075 2678
1420
1688
2044
592
2493
2892
3229
1571
999
1022
3067
2415
3306 3307
1836
1865
1124
1611
779
3233
1640 1749 2199
1017
2335
783 1596 1871 1927
145
2058
2729
1123
1343 2398
2065
264
500
1797 2769 2770
2278
43 1477 1873 1981
445
63 1827
195
305 495
430
809
1028
1088
1327
1772
2637
2246 2336
2441
2563
2632
2722
2978
3027
1793
778
1575
918
400
1992
1441
161
2352
2854
1556
935
1081
206
213
901 1310
461
1819
2950
194 292 325 453 653 680 997 1025 1061 1109 1119 1379 1639 1999 2004 2039 2088 2247 2290 2472 2657 2694 2736 2801 3071 3116 3155 3226 3281 3291
673 1157
1810
2620
3250
3299
66 2536
533
1401
1576
2535
73 519 1147 1198 2708
212
405
718
998
1146
1535
2049
2171 2703
2705
2709
3014
3015
2911
556 1946
912
2516
455 2292 3001
2843
167 489 1188 1244 3102
761 1180
1100 1531
1708
34
108 169 373 847 3196 3197 3211
1187
1245
3198
2559
2
560
222 1468
2649
2934
2025
982 1243
2881
665
1018 1642 1967
1622
245 250 2568 2569
1904
2416
2863
409 1798
1922
2932
720
3094
3187
443 3318
611
1104
2135
295
477
479
1257
1473
1892
1933
2496
320
517 1616
772
1843
2451
635
551
928
1069 1947 2902 2903 2904
1095
2901
774
1440
1832
3055
513 576
612
2322
2606
605
980 989 1743 1805 2460 2462
1783
1050
737 816
1747
1918 3283
2464
3072
509
785 3007
1364
1773 2223
2181
3108
3195
3272
1137 3267
1878
2064
2120
2860
2248
2840
2954
1695
1663
3309
2213
724
1350
4 3220
1325
1314
2066
1499
2390
3133
1442
1391
1711
603 3036
959 1859
2487
1519
3173
1597 3253
3129
2510
1094 2425
510
56
2728
2928
23
589
74
1780
1145
3109
2220
793
2382
1342
391
1365
2063
1524
2160
311 2937
1413
775
2610
3185
712
2692
2544
2122
915
279
8 15 95 109 147 539 624 633 944 1193 1249 1307 1507 1555 1624 1628 1834 1909 1939 2011 2138 2794 3045 3058 3059 3060 3181 3182 3302 3303
3258
925
1837
2000
2267
2693
372
1261
1370
3021
3313
9 179 384 990
1235
1427
2113
2820
601
2343
3145
1120
1578
1699
1731
1890 2518
363 2339
1461
2846
570
574
916
1273 1319
2293
2579
11
132
269
1634 2163
227
3126
1848
2006
2635
27
1393
2730
2858
14
1436
1869
2731
339
1846
2096
2643
422
3208
880
2151
1729
220
389
268 552
600
750
1079
2511
2898
1425
1988
39
149
492
683
1562
2365
51
972 1264
2551
2580
619
879
1962
1166 3225
2463
182 496 2826
2979
1031
2234
2374
2375
995
1400
1778
2676
1133
1862 2531
2429
2645
178
2688
1262 2481
545 2303
1533
3216
1518
2206
2361
2593
2484
93 380
107
2741
2777
2922
1335
3085
168
1971
595
2142 2855
852
930
2658
2865
610 875
1356
1396
1635
2456
170
1218
1266
2614
131
2817
699
1475 2558
2221
2449 2450 2452
882
2804
2584
1021 2296
543
1818
1916
281
407 734
402 2742
857
2655
886
977
1223
546
1047
1920
2279
1672
1850 3090
287
1446
1849 2925
2313
6 652
526
2575 2576
354
387 1407
2285 2298
2512
831 834
1077
3273
3277
54 1515
1444 1735
2114
89 709
2454
616
3285
1541
1756
3165
1299 1861 2437
2723
3223
1352
396
883
2720
2721
2677
1106
2053
2711
1940
421 1851 3009
1366 1505
2540
530 1959
1199 2543
2254
1177
2201
3075
591 2207
608
1658 2870 2871
2245
1265
467
1360 1577
1803
2018
2414 2440
3139
585
655
1078 3319
1226
1384 3300
3019
711
2087 2755 2756
207 1547
1332
960 3076
971 3209
975
1312
1566
2772
136
1579
1679
2316
2060
2314
238
2003
2108
1903
2967
2977
92 124 799
254
885
2348
3140
436
1020
1454
2427
708
795
215
2774
19
1438
1790 2964
410
1926
1126
1322
1537
2619
2351
3046
2611
2868
1552
674
1190
2595
2502
2813
2525
1253
1768
3022
1040 2532
3305
2051
2591 3234
536
2596
1614
2940
2949
3008
411
474 2203
3012
159
1359
340
704
781
251
2856
1511
2342
173
2323
3228
905 1331
2556
1677
1023
1272 2602
218 1604
1771
2238
33
204
2121
2974
1212
1385
2781
1019 1033
2514
431
505
817
160
2154
1300 2078
1710
444 858
1829 2407
2033
395 1334 1987
266
1386
1184
1561 2115
841
2478
2282
631
1151
553
2150
562 2582
717
877
1059
2089
76
323
840
242
403
1347
2495
348
417
465
1418
957
2216
294
484
814
1875
2021
906 1921
2913
1116
1363
2211
3120
3118 3119
1449
1673
2480
578
1913
2347
2662 2663
49 3150
362
3151
223
2465
2899
285 2010
741
743 1417
439
2434
1483
1032
2615
2683
58
735 1652
838
1141
1044
2499
2836
804
1175
961
715 3070
432
697
870
1269
2408
986
1826
2219
120
780
1323
1330
3135
739
1130
1587
1700
2371
2372
312
806
1813
2727
1092
2955
53
2212
2927
181 2640
1097
1741
2641 2642
2236 3276
2467
2587
459
1868
2358
2653
521 2403
1585 2380
577 599
2233
2432
1326 3162
1341
1435 3088
32
1703
2521
2599
81
393
2384
2548
382 2957
1186
1458
2446
379
1139
1569
1770
2486
527 1470 1833
158
187
2884
2600
1636 2523
771
1065
1610
2622
2240
1762
119
1686
472
2888
152
973
156
2589
2605
2077
1456
2735
1267
343
228
2760
2965
2297
2838
3077
375
1668
1287
2367
3288
217
435
2001
3210
2526
2718
498
1937
2095
2976
643 3121
3003
1954
378
819
2357
1239
2325
548
1248
1108
3289
2178
1233
1329
341
2626
1197
2056
3079 3080
1281
830
2533
69 1451
1416
1009
2800
1996
2798
286
722
2673
2572
742
259
3074
559
1528
1653
450
1544
1998
2943
2485
1529
3125 3190
1247
2250
314
2995
1222
1620
1402
1727
1351
1052 1207
1153
2629
2885
2500
632
1630 2473
1394 1960
2672
2333
2960
1641
1924
2226
2289
2549
1984
2490
687
1758
3264
1657
1685
1026
645
1534
726
1884
1923
2200
1042
225
1697 3115
1643
2034
2547
1129
3028
3029
244
694
26
1559
747
1543
123 828
706
1704
3130
3325
565
105 1965
675 1728 2284
1308
588
441 1304
1573
3051
80
1213
873
1671
2827
1905
232
1258
163
895
1484
1796
1309
2557
2716
2046
2392
2994
1661 2180
2086
580
3295
202
2952
2953
555 1377 2126 2839
634 1471
1765
237
452
347
749 2847
511 1977
676
1206
3214
503
1216
2648
293
399
21 3082
919 3073
2228
116
2145
157
1236
1738
598
524
538
2506
520 3148
606
75 324 342 425 460 540 721 1246 1421 1510 1654 1723 2030 2047 2189 2192 2232 2696 2842 3056 3086 3156
309
690
1311
2256
497 607 759 1172 1183 1985 2991 3310
390 1060 2179 2948
358
1000
1374
667 1008 1488 2878
2061
864
1788
902 1811
1429
1625
3039
976 2131
1872
1208
1224
1538
2788 2939
1683
2792 2793
868 2797
1721
2795
1730
1024
2188 2713
1847
2554
1353
2036
2041
2083
1864
2306
2344
1845 3143
2396
476 1680
2252 2263
2294
664 757 1455 1820 2387 2659
2660 2894
2697
752
2561
2812
2907
2944
357
1969
2980
821 1099 1389 3131
3132
418
2613
2815
729
2379
3235 3236
3237
777
941 2468
1824
2764
762
318
485
1211
351
79
970
3221
670 2492
446
1316 3315
1516
1189
2109
3068
1487 1619
1085 1856
1734
1745 3023
3224
2714
2732
103
770 1867
2334
2539
738
2275
256
398
1523
3052
3053
2029
2155
57 2609
1409
413
2442
2133
730
317
334
1692 2262
1349
1447
1037 2661
2177
349
365
958
210
1767
954
2125
2737
3035
927 2134
1617
2717
1917
297 1227
1080
2016
2470
855
3266
2837
993
1752
1073
2031
2091
1739
501
189
31
1090
1445
319 3312
2153
1720
1464
909
1570
3061
201 2844
825 3327
2307
2945
684
1902
1997
1204 2439
1117
3040
420
463 2204
1814
1163
3011
1354
1029
693
2023
3249
355 1716
1173 2513
191
3107
1974
881
549
1463
1242
1093 3186
20
1452
567
336
1089
1148
2607
2305
1238 1432
1450
1563
2818
2710
3247
72 121 177 249 329 338 381 794 917 1549 1670 1696 2038 2751 2986 2987 3189 3269
2687
61 298 661 731 1651 2156 2272 2680 3091
3207
2389
1763
2604
2670
1295
682
3065
448
1194
25
273
88
2919
140 2032
1110 2268
688 689 2327 3202
280 656 1929 3201
575
3170 3172
3174
284
1046 3254
440
2209
2876
1991 2162
2424
1112
2059
707
727
3252
829 2538
1256
2537
833
1283 1397 2383
1557
955
1192 3110 3111
2161 2477
3152
872 2104
2106
408 2241
2185
3161
1286 3171
1321 2896
2895
2938
939
3268
2394
192
1280 2628
40
326
331
3103 3104
534
1607 2691
1064 1676
1748 2391
1795
2137
768 3231
1649
1424
1002
67
2879
956 3146
2553
2750
1883
2796
330
2752
1718 2631
1479
2302
951 2914
936
1943 3243
1852
1152
3213
1855
1219 3069
45
2747
2276
18
1196
2897
765
2069
2529
1928
950
260
2355
2447
313
333
746
723
812
135 685
1143
992
486 2753
1564
1121
106
854 3232
78 2685
1467 2675
1655
2578
1590
2773
2170
2014
792 3168 3169
705 1255 2724
1103
464
2411
516
276
2143
2608
1567
1086 3245
813
240
3230
1408
1469
1043 3188
1410 2738
423
1294 3262
1355
2616
2169
1068 1306
2588
166
1807 2806
94
2426
2084
2309
3270
703
1076
3203
1279
537
2320
2413
35 1301 1698
2625
2771
3043
2739
1786
1881
1381
2329
3293
2571
3284
3020
1724
383 1237
185
639
933
563
1232
70
987
275
499
1063
1712 1775
360 3030
1896
2157
2767
1179
3301
1387 2524
1495
91
2012
272
679
2636
2356
2497
3163
1051
2208
890
2546
1419
1486 2684
1828
241
965
371
544 2166
1825 2679
129
1491 1733 1744
3257
860
2715
2924
101 2159
3158
322
1986
2244
837
328
2931
1338 1368 2112 3241
1755
1886
10 1041 2139 3141
1781
1437
1885
104 1296
419
807
2789
728
660
506
827 1839
3248
701
1039
798
2395
183 1789
725
86 1782
2698
1838
2110
2073
1857
2168
196
2762
557
2082
2933
233
2277
142 3256
150
3184
2299
766
2071
1753
1951
2471
1522 2621
1422 2243
815
2274
1431
2040
1142
404 1580
1339
394
1750
65 1554
744
127
2686
83 514 796 1482 1629 2889 2988 2993 3092
447
1357
614
2941
1434 1525
1185
1842
2028
2766
2050
1288
801
2748
669
1545 2630
2105
3271
1289
261
630
470
2002 2328
24 1582
803
2013
3294
1638
3063
1660
2603
2541
2972
504 3200
532 2612
945 1995
2618
2866 2909
2107
2699
2008
2624
2832
3160
1736
2420
3278
3025
2191
522
2158
3282
1162
755
3084
1403
253
211
2982
3033 3066
2187
1373
2782
2765
2981
364
2749
1007 3000
2174
1102
1574
657
