2463
283
1797
1899
549
542
1909
1722
1744
1584
2360
74
1120
351
688
1310
1625
1417
2183
96
1484
1170
1225
734
1073
1915
2046
599
1014
89
2035
1624
1811
1987
1702
307
1359
4 8 32 67 107 185 188 209 223 226 248 251 288 308 391 423 463 475 521 539 546 588 593 612 626 642 654 663 693 701 714 722 781 787 822 833 918 933 948 960 968 975 987 992 1006 1025 1033 1035 1045 1049 1060 1109 1182 1209 1211 1232 1234 1237 1264 1287 1299 1311 1357 1372 1376 1394 1408 1439 1497 1542 1564 1595 1601 1614 1649 1674 1692 2256 2342 2411 2412 2430 2432 2433 2434 2462 2480 2530 2545 2584 2587 2601 2603 2604 2619 2620 2626 2627 2630 2632 2634 2640 2660 2661 2665 2666 2667 2670 2691 2693 2698 2704 2705 2706
2518
955 2174 2563
2648
1291
1355
1027
2098
1043
1442
441
1047
2195
2682
1766
974
1344
375
2292
736
834
416
1337
1908
2239
749
1693
578
2131
1726
662
2395
437
2200
1928
240
110
2672
433
2699
1694
2571
1656
1144
1600
999
964
1149
168
2494
353
2649
1155
219
2452
442
1629
1104
259
40
737
90
1870
1051
1999
103
2057
1904
607
187
583
1520
349
2309
211
1553
2535
2357
757
95
134
868
1741
2249
961
45
526
1743
1230
520
155
566
446
1643
1444
1270
1559
1258
430
1016
1308
703
1706
1132
1125
1328
962
2328
94
270
2161
282
538
2680
723
1251
1314
1378
1297
1528
2118
711
1838
828
1065
1589
381 478 931 2570
2326
2297
79
483
1617
232
49
56
658
568
493
639
652
1429
1418
1084
354
2115
1900
1326
2025
1672
1667
1902
237
506
735
1777
2465
60
1603
1953
317
443
869
1843
457
508
1414
1543
365
2477
1464
120
2148
1895
2368
1506
610
1361
1799
742
149
119
1913
2002
1974
1951
1172
2156
1704
1967
1396
2473
696
1159
181
1066
604
2386
899
619
311
592
459
2260
1709
761
1186
312
1682
1890
455
2458
1352
1929
2580
25
1200
874
937
1410
488
280
2520
519
465
1134 1501 2186
651
1508
100
1416
2226
2366
156
818
2081
1205
27
494
146
2026
2237
2055
1301
82
1227
2707
1465
839
1122
2504
1611
1829
712
2486
765
579
439
581
1827
1539
66
2169
473
445
1825
1903
2384
1703
393
52
1202
1068
1527
2217
19
2019
1204
2248
1422
285
1371
545
2225
898
1955
34
122
140
837
1431
2426
2204
112
1318
1956
1513
2286
2467
963
75
2244
789
2447
1201
2242
2686
2307
2121
2145
983 1017
2177
2076
1959
1762
2163
2333
2060
855
3
858
1036
1116
752
173 1473
746
554
806
471
467
2123
2468
369
878
2668
487
645
373
2139
1219
515
2110
577
1241
1071
1094
31
1081
780
1489
1567
252
2406
1736
2451
2531
2078
2127
559
1578
2228
2097
2310
2615
2072
641
1091
1148
1740
46
2367
485
740
1965
2164
44
324
438
1653
108
648
2519
1023
161
1240
1571
39
402
2269
1397
2144
212
1849
2306
966
1389
2182
810
1502
2396
605
1921
1927
2190
1179
1475
1530
106
229
690
1688
427
1773
2327
390
705
743
970 1413
2114
367 1128 1996
377
1121
291
481
1835
1137
1176
1434
2373
450
798
877
1190
1215
1724
1746
1752
871
1112
1463
1274
1664
1698
2125
2129
2130
303
407
1641
1776
1779
1783
2086
2091
174
1034 1587
1547
1711
62
491
852
996 1339 2103 2104
1289
1678
1742
1883
2179
318
410
590
1778
1197
1780
1781
1786
1787
1788
1789
150
1923
573
719
1009
1469
1925
1926
53
859 1516
1140
1286
2132
2134
2173
2181
2199
2232
2233
2234
2184
694
862
1304
1536
1581
1839
2075
2198
360
906
1250
1283
1621
2084
2209
189
525
553
629
824
854
1715
1732
1738
2221
2493
587
1588
1111
1223
1292 1661
1342
1852
1920
1976
2155
2157
378
384
2304
2302
795
1819
1161
1193
1683
2009
2305
21
190
946
343
418
1734
1263
1479
1802
1798
1804
1801
1803
1805
1806
42
70
176
507
597
779
956
922
1360
1363
1486 1540
1526
1593
1675
1676
1677
1850
1919
1916
2389
127
154
2049
309
2027
342
564
1249
1449
1785
1792
1831
1853
1857
2047
2048
846 1298
158
166 1474 2708
202
298
522
638
767
870
969
1004
1108
1302
1574
1637
1865
182
335
472
1294
1846
909 1522
1404
1626
1662
1730
1842
1847
1851
77
131
163
301
499
697
738
816
2014
1395
1714
1733
1848
2012
2013
2016
2018
15
1271
2041
142
383
618
842
1003
1666
1808
1813
1930
2036
2039
2040
1770
1145
385
453
582
609
720
911
981
1252
1561
1768 1784
1774
1775
1782
1577
28
225
791
352
717
550
569
796
836
1005 1817
1096
1300
1332
1349
1810
1814
1818
1820
1822
1824
69
72
1705
180
216
233
1994
392
461
477
682
744
2010
1575
1710
1871
1874
1876
1988
1989
1991 2006 2008
1997
1998
2001
2004
2007
14
144
159
1859
227 236 665 875 1053 1213 1324 1854 1855 1861 1862 1873
262 1480
319 1338
336 1454 1860 1877
468
533 1864
548 1101
634
700
730
768
1024
1866
1335
1800
1821
1863
1869
1875
104
543
125
656
295
555
574
888
959
1552
1246
2087
1368
1652
1772
35 883 920
490
952
759
102
157
175
245
334 930
338 1500
1517
1039
627
755
758
820
832
958
971
986
1042
1150
1282
1285
1288
1718
1712
1723
1725
1728
1729
1739
1747
1751
1757
1759
1763
1764
2598
731
272
2178
561 2527 2635 2637
268
2101
2377
896
357
2266
890
1958
293 678 940 1037 1113 2175
1248
466
2428
677
1476
1952
2141
1885
2158
1383
244
474
2488 2489
1214
1405
371
1184
2271
57
372
17
917 2532
2243
238 2541 2633
1119
374
486
625
902
1026
1048 2334
1199
1482
2052
2053
2056
2074
51 242 266 649 751 1061 1701 1708 2272 2273 2274
541
591
1620
1129 2276
726
1914
2180
92
412
2337
2388
941
398
1409
133
380
905
215 2194
325
2196
210 362 1450 2684
1391
502 1493 1563 1745
826
1041 1720 1721
1521
1756
116 631
177
253
278
672
683
881
936
1143
2017
2154
256
1646
2166
2317
274
414 2150
847
1102
2147
482
716
1266
2293
702
1238
1544
1882
2061 2062
2063
179 208 346 2596
1131
1642
2037
2496
205 967
594
819
1175
1645 1844
2015
87
1013
1453
2033
2034
1907
567 674
675 718
23
152
153
628
707
2238
2240
2241
275
1146
1375 1618
1551
1569
2554
241 513
292 1515 2346
2347
1424
2350
2187
2188
2303
231
395
850
1519
1130
2352
2355
431 913 984 1262
692
1892
1891
2128
2250
558
2597
1713
1735
2335
2414
98 1354
345
808
831
1029 1884
1046
1879
1880
1881
1886
1421
601 1028 2398
725
1086
1400
2229
2397
1983
484
669
817
879
886
1495
1979
1981
681
732
2202
147
306 1924
406
739
770
1153
1436
1931
620
1070 1221 1275
1377
1760
1910
2022
2419
290
611
1347
1790
2093
2094
2095
2096
429
727
1072
1110
1136
1207
1534
1689
2673
2675 2676
1840
1635
843
1605
929
1623
13 1555
2170
624
1379 2059
644
900
65
1272
615
799
1458
2449
801
1917
246
1511
1191
2113
646
37
2267
2364
88
1995
2613
22
901
2523
404
2547
524
516
1878
118 201 260 405 432 1171 1440 1477 2538 2677 2695 2696
1401
2409
2565
1031
435
1525
728
1152
1387
2573
2574
12
1411
2283
2296
2385
784
1619
2263
111
2461
977 1432
979
30
2400
376 2402
1095
1142
1158
2435
1748
2222
169 2438
1057 2483
284 1261
856
2399
1295
1945
1334
2475
370 2484 2567 2568
386 954 2485 2566
224
745
1008
1716
2515
2516
782
793
1021 2077
2092
2120
2595
368
753
1758
2391
2392
2393
71 2185
1456
1538
143
598
1118
1541
1636
1749
73 1124 1481 1761
264
1719
1888
1889
1154
1402
2646
1350
1523
1533
1966
2358
965
1007
1632
2203
1088
1531
1586
1654
2464
200 421
204
206
1098
195
1082 1231 1343 2564
1321
1381
192
1198
1562
1872
2257
101
409
1681 2312
2577
2593
794
841
1961
2270
532
2231
2361
2362
1229
1320
1537
1673
2581
2703
141
2549 2550
148
1512 2641
1535
2336
321
1644
2251
160
2560
165
1080
1615
1627
1906
1090
2592
2536
621
1160
2212
514
257
434
1470
196
676 935
1650
2264
2356
2491
400
1671
2083
872
1253
2440
2441
2443
2524
269 2390
313
916
838
857
997
1139
1256
1367
1462
785
2651
1583
2625 2702
348
424
2058
527
534
1428
1750
2308
2444
2445
2446
1156
1309
1385
1507
1628
2442
388
417
327 1753
1239
1340 1754
1445
1755
2526
428 1362 1399
1529
2280
910
1435
440
2658 2659
762
1351
891
1228
1315
1631
2339
1015
1192
2340
689
2539
2674
2678
2679
197
706
864
1494
1670
2042
2044
2045
699
1069
1386
1426
803
805 2537
923
778
2102
1369
2070 2071
1194
1290
2323
243
511
2281
2282
2284
670
1076
1087
1167
2031
2032
496
800
2556
2600
608
786
1491
551
951 1496
2152
2544
419 2552
1329
1648
1699
1836
2160
2162
9
747
1001
1348
928
915
1317
1594
2193
1946
1483
178
1640
2671
2683
1485
2387
2499
1568
2502
403
1922
1208
2291
203
329
1313
1312
1841
2069
36
729
1911
1912
61
332
861
1669
2275
2116
771
1509 2119
1868
1393
2213
2214
894
1580
1099
2067
2068
2066
305
1345
704
510 1243
2330
1333
1471
2517
444
184 998
1769
1040
2000
580
1220
1330
2210
1795
2124
2498
535 884
1796
2298
1556
191
85
123
358
2288
2365
2353
1055
1222
1488
1845
827
2003
1685
2413
938
509
1992
1038
2656
1135
1419
1815
413
448
1403
2051
198
552
2218
715
2207
1663
2472
772
788
1984
2021
1255
537
632
1514
957
809
925
2024
1985
1203
2521
2525
530 2261
2351
322
1233
1451
1174
1346
387
2510
2589
389
2511
299
2064
479
1969
2137
2138
50
2382
2287
2285
139
1573 2079
2080
844
1181 1305
1259
2278
1284
2325
585
829
1103
2290
616
2652
7
316
2073
623
943
1655
2205
921
1074
2005
287
589
1052
2363
989
1196
2100
2277
121
668
2348
41
2509
255 1212
813
1177
1364
1941
1937
1942
254
339
873
1341
1933
1934
1935
1936
217
220 1932
919
991
1178
1478
1608
1940
1943
1944
733
1307
1633
2643
565
1597
277 1696
556
2133
647
1550
1960
456
659
1665
2487
230 1406
1050
1216
16
2372
895
1599
2369 2370
2371
331
531
774
1147
2108
2448
1651
1905
2492
330
1585 1657
1089
379 603
382
1030 2167
1691
2011
436
1610
2405
504 575 2349
2381
2379
2380
1684
505
823 1638
1975
1977
337
876
1242
1273 1948
1433
1606
1816
1947
1949
650
1093
1856
281
540
750
994
2294
2295
1366
760
790
1968
1970
1971
363
1235
947
1011
1570
1972
680
949
2268
193
643
1018
408
1791
2320
815
2252 2253
2383
776
792
2038
86
105
865
1097
1700
80
2153
93 1837
1592
939
151
893
1582
1950
1079
126
194
1123
1954
1420
1437 2338
1858
2315
1427
2460
279 2590
1461
1993
2359
2591
344
691 1133
460
2321
1532
1893
1894
1918
2023
2189
2191
500 2459
2650
908
1973
1448
2318
2476
258
1226
18
2140
2142
860
882
1717
2314
247
2642
361
1554
113
33 667
271
503
2345
2424
1374
2230
76
2437
1503
2605
980
1686
1558
447
990
124
2455
1415
584 2223
617
1566
1737
1690
221
222
2457
1460
1771
1331
476
145 214
1166
2623
1358
1499
2029
528
1957
2529
170
263
713
851
1217
2557 2559
2558
239
1828
415 2112
497
1793
797
1607
1613
267
1106
1668
1986
265
449
1830
748
544
2420
835
1727
560
1183
1826
2030
489
1268
845
300
129
2216
2215
458
2534
171
1978
1982
422
709
2146
622
1659
2020
425
462
973
2247
2111
2224
2227
1157
912
2122
661
2404
2513
2427
1280
2331
2512
2644
1293
1169
1180
2236
452
426
1063
1807
1518
1504
2245
2246
1032 2206
2208
2415
501
297
2453
454
1279
2553
666
2638
136 2505
138
2332
596 1092
562 1459
5 2176
2669
1206
1257
1524 1938
2616
2088
1126
2
333
1455
1247
1487
1834
276
653
1306
2105
1195
1546
2394
2378
945
2117
1168
600
2344
698
1466
2602
769
1896
563
1078
1236
1609
1707 2586
1056
1100
635
1010
995
1022
1044
1269
10 724
495
756
396 766
2421
54
1767
1887
47
687
2082
394
249
464
2401
972 1114
710 1898
469
1277
1962
1963
1964
2028
2612
572
863
55
310
304
326
840
2197
117
1075
2311
2423
2654
848
2262
1267
323
849
29
1565
673
2555
988
932
1281
2582
2585
1590
1612
2578
2254
2126
1254
135 2506
2090
657
1336
2313
2106
2594
517
1980
2085
944 2301
1062
2319
2576
1276
2621
1468
2054
2235 2503
637
764
2109
1398
2201
2220
685
1765
1210
2617
302
926
679
2542
1591
1622
2322
470
2375
2376
1510
2495
695
2089
78
355
853
557
2136
1353
993
2135
2279
2481
1373
892
2609
614
1390
571 2431
186
1441
1604
364 2608
606
26
1316
99 773
1697
273
741
1616
2551
1325
294
2043
2579
172
1549
2410
512
1498
1117 1224
830 1490
2614
2606
1812 1823
1425
1127
207 2692
1990
2533
11
1141
1446 1447
1067
1296
397
2065
315
2478
1173
1
1867
2569
927
2583
1107
2501
2479
686
2408
91
630
1695 2628
347 1000 1472 1647
934
1151
137 1639
1012
2168
1244
1467
978
903
1165
1115
2561
1630
1731
2258
1679
1602
2416
167
399
164
586 775 2636 2694
671
2374
804
1185
814
1188
1260
985
1323
821
1832
1833
1356
2631
350
897
38
2429
411
889
2470
1680
114
250
109
2159
1576
1085
721
2540
63
68
2528
1105
1138
2610
1407
880
480
595 664
84
2149
130
885
1218
1064
907
2354
547
2324
1572
754
1687
2645
2417
570
58
115
235
2289
2107
1438
2425
2454
83
162
1660
1319 1658 2663 2689
1002 2662 2687 2688
132 684
1548
636 1545
2151
2471
1382
1794
1020 1457
763
261
1163
1388
1901
1443
518
807 1384
43
2165
640
812
2657
2655
6
953
950
2407
2466
2548
887
1380
1452
2500
2701
2572
1162
2436
1370
2508
2439
1560
218
2474
59
2403
2681
536
2050
81
2685
1303
341
1392
2647
1492
1897
2482
1083
1430
1598
1187
924
982
2653
1423
199
2192
2341
451
811
576
904
1505
24
1322
777
2497
356
48
2316
802
1265
183
286
1809
1579
228
2300
2299
492
2456
2514
401
2639
1164
97
1327
2543
2522
1059
867
1365
296
20
359
2588
2622
2329
1054
2611
2255
2599
1019
2664
2624
213 2259
2211
1634
2690
2143
602
128
914
2219
2171
498
234
1596
613
320
1939 2450
2697
655
2490
1278
1077
866
2469
1245
708
289
660
633
1058
2546
328
2422
2562
2618
942
2607
529
340
1189
2343
64
825
2700
420
1557
366
523 976 2099
2629
2265
2418
314
2507
783
2575
1412
2172
