1 2 4 6 7 8 9 10 11 12 14 16 17 20 22 24 26 28 29 30 32 33 35 36 38 39 41 42 43 45 47 48 50 51 54 55 57 58 59 61 63 64 65 67 68 69 71 72 73 77 78 79 80 81 82 83 84 86 87 88 91 93 97 98 99 101 102 105 106 107 108 109 113 114 115 116 117 118 123 124 126 128 129 130 131 132 135 136 137 138 139 141 142 144 145 148 150 151 152 153 158 159 160 162 164 165 166 167 169 170 171 172 174 175 177 178 179 180 182 183 184 185 186 188 189 190 191 193 194 196 197 198 199 200 201 203 205 206 207 208 209 210 213 214 215 216 217 218 220 221 222 223 224 225 226 227 228 230 234 235 236 238 239 242 243 245 246 247 248 249 250 251 253 254 255 256 257 258 260 261 262 263 264 265 266 267 268 269 273 274 275 276 277 279 281 283 284 286 287 288 289 290 292 293 294 295 296 297 299 301 302 304 305 306 308 310 313 314 315 318 319 320 321 322 323 325 326 327 329 330 331 332 334 335 336 337 338 339 340 341 343 344 346 347 348 349 350 352 353 355 356 358 359 360 361 362 363 364 366 367 368 370 373 374 376 377 378 379 381 382 383 384 385 386 387 388 389 391 392 394 396 397 398 399 401 405 406 407 408 410 411 412 413 414 415 417 419 420 421 422 423 425 426 428 431 432 433 434 436 440 444 446 447 448 449 450 451 452 453 454 456 458 460 461 462 463 464 465 468 469 470 472 474 475 476 478 479 480 482 484 486 487 489 490 492 494 495 496 497 498 500 501 502 503 504 505 507 509 510 511 512 514 517 518 521 522 523 524 527 528 529 530 531 532 533 534 535 536 537 539 540 543 544 546 547 548 550 551 552 553 555 556 557 558 560 561 562 563 565 567 569 570 571 572 573 575 576 580 583 584 586 588 589 590 591 593 594 595 596 598 600 601 602 603 606 608 612 613 614 615 616 617 618 619 620 621 622 623 625 626 627 628 629 630 631 632 633 634 635 636 637 638 640 642 643 644 647 649 650 653 654 655 656 657 659 660 661 663 664 665 667 668 669 670 671 672 673 674 675 676 677 678 679 680 681 682 683 684 685 686 687 689 691 692 693 695 697 698 700 701 702 704 706 708 709 710 711 713 714 715 716 717 718 721 722 724 725 727 728 731 732 741 743 745 747 748 750 751 753 754 755 756 758 759 760 762 763 764 765 766 768 769 770 771 772 773 774 775 776 777 778 781 782 783 785 786 787 788 790 792 794 796 797 799 800 801 802 803 804 805 806 807 808 809 811 812 814 815 819 821 822 823 825 826 827 829 830 831 833 835 836 838 840 841 842 843 844 845 846 847 848 849 850 851 852 853 854 856 857 859 861 862 863 865 866 867 871 873 875 879 880 881 882 883 884 885 887 889 891 892 893 895 897 899 900 901 903 904 906 907 908 909 910 913 914 915 916 917 918 919 920 921 922 923 924 925 926 927 928 929 930 931 932 933 934 935 938 939 940 941 942 943 944 945 946 947 948 949 950 951 952 953 954 955 956 957 959 960 961 962 966 967 968 969 972 973 975 976 977 978 979 981 982 984 985 987 988 989 990 991 992 993 994 995 996 998 1000 1001 1002 1005 1006 1007 1008 1009 1010 1011 1012 1015 1018 1019 1020 1022 1024 1025 1026 1027 1028 1029 1030 1031 1032 1033 1034 1035 1037 1038 1039 1040 1041 1044 1045 1048 1049 1050 1053 1054 1056 1057 1058 1059 1060 1061 1062 1063 1064 1065 1067 1069 1070 1072 1074 1075 1076 1077 1078 1079 1080 1082 1083 1084 1085 1086 1087 1088 1089 1090 1092 1093 1100 1101 1105 1106 1107 1109 1110 1111 1113 1114 1115 1117 1118 1119 1123 1124 1125 1126 1127 1128 1129 1131 1133 1134 1135 1137 1138 1139 1140 1141 1142 1143 1145 1146 1147 1149 1150 1151 1152 1153 1154 1156 1157 1158 1160 1162 1163 1164 1165 1166 1167 1168 1169 1171 1173 1174 1176 1178 1179 1180 1181 1182 1183 1185 1187 1188 1189 1191 1192 1193 1194 1195 1196 1198 1199 1201 1202 1206 1207 1208 1209 1210 1211 1212 1213 1214 1216 1217 1218 1219 1220 1221 1223 1224 1226 1227 1228 1229 1231 1232 1233 1234 1235 1236 1237 1238 1239 1240 1242 1243 1244 1245 1247 1248 1249 1250 1253 1254 1255 1256 1259 1260 1261 1262 1264 1265 1266 1267 1268 1269 1271 1273 1275 1276 1277 1278 1279 1280 1281 1282 1284 1286 1287 1288 1289 1290 1291 1292 1293 1294 1295 1296 1298 1299 1300 1303 1305 1306 1307 1309 1311 1312 1313 1315 1316 1317 1319 1320 1321 1322 1323 1324 1325 1327 1328 1329 1330 1331 1332 1333 1334 1336 1338 1339 1340 1341 1342 1343 1346 1347 1348 1349 1350 1351 1353 1354 1355 1356 1357 1358 1362 1363 1364 1365 1366 1367 1369 1370 1372 1373 1374 1375 1376 1377 1379 1380 1381 1382 1384 1385 1386 1387 1388 1390 1391 1392 1393 1394 1395 1398 1399 1401 1404 1405 1406 1407 1408 1411 1412 1415 1419 1420 1421 1423 1424 1425 1426 1427 1428 1430 1431 1432 1433 1434 1435 1436 1437 1438 1439 1440 1441 1443 1445 1446 1447 1448 1450 1451 1452 1453 1454 1455 1456 1457 1458 1459 1460 1461 1462 1463 1466 1467 1468 1469 1472 1474 1475 1477 1478 1479 1480 1481 1485 1486 1487 1488 1489 1490 1491 1492 1493 1494 1495 1496 1497 1498 1499 1500 1501 1503 1504 1505 1507 1509 1510 1511 1512 1514 1515 1516 1517 1518 1519 1521 1522 1523 1524 1525 1526 1532 1533 1534 1537 1538 1540 1541 1542 1544 1545 1546 1548 1549 1550 1551 1552 1554 1556 1557 1558 1560 1561 1562 1563 1564 1565 1566 1568 1569 1570 1571 1572 1573 1574 1575 1576 1577 1579 1582 1583 1585 1586 1587 1588 1589 1590 1591 1592 1595 1596 1597 1598 1601 1602 1604 1605 1606 1607 1608 1609 1610 1612 1613 1614 1615 1616 1618 1620 1622 1623 1626 1627 1628 1630 1631 1632 1633 1634 1636 1638 1639 1640 1641 1642 1643 1644 1645 1646 1647 1648 1649 1650 1651 1652 1655 1657 1658 1659 1660 1661 1662 1663 1664 1665 1666 1668 1669 1670 1673 1674 1675 1676 1679 1680 1681 1684 1685 1686 1687 1688 1689 1690 1691 1692 1695 1696 1697 1698 1699 1700 1701 1705 1707 1708 1713 1714 1715 1716 1717 1718 1719 1720 1721 1723 1727 1728 1731 1734 1735 1737 1742 1745 1747 1748 1749 1750 1752 1753 1754 1755 1756 1758 1760 1761 1763 1765 1767 1768 1769 1770 1771 1772 1775 1781 1784 1787 1789 1791 1792 1793 1794 1795 1797 1800 1801 1803 1804 1807 1809 1810 1812 1814 1815 1816 1817 1818 1819 1820 1821 1823 1824 1826 1828 1829 1831 1832 1833 1834 1836 1837 1839 1841 1844 1845 1846 1848 1851 1853 1854 1855 1856 1858 1859 1860 1861 1862 1863 1864 1865 1866 1867 1868 1869 1871 1872 1873 1876 1877 1878 1879 1880 1881 1884 1886 1887 1888 1889 1891 1892 1893 1894 1896 1897 1898 1899 1901 1905 1906 1911 1912 1914 1916 1917 1918 1919 1922 1923 1924 1925 1926 1930 1931 1932 1933 1934 1935 1938 1939 1940 1941 1943 1944 1947 1948 1949 1950 1952 1954 1957 1961 1962 1963 1964 1966 1968 1969 1970 1971 1972 1973 1975 1977 1978 1982 1983 1984 1986 1988 1989 1990 1991 1992 1993 1994 1995 1996 1998 2000 2001 2003 2005 2006 2007 2008 2009 2011 2012 2013 2014 2015 2016 2020 2021 2023 2024 2027 2028 2029 2030 2031 2032 2033 2034 2036 2037 2038 2039 2040 2041 2042 2043 2044 2045 2048 2049 2050 2051 2052 2053 2054 2056 2058 2059 2061 2062 2063 2065 2066 2067 2068 2069 2070 2071 2073 2074 2075 2079 2080 2082 2083 2085 2087 2088 2089 2090 2091 2092 2093 2094 2099 2100 2102 2103 2104 2105 2106 2107 2108 2109 2111 2112 2116 2117 2119 2120 2122 2128 2129 2130 2132 2133 2135 2136 2137 2138 2139 2140 2142 2143 2144 2146 2149 2150 2151 2152 2153 2154 2155 2157 2159 2160 2162 2165 2166 2167 2168 2171 2172 2174 2175 2178 2180 2184 2185 2186 2188 2189 2191 2192 2193 2194 2196 2197 2201 2202 2203 2205 2206 2207 2208 2209 2210 2211 2212 2213 2214 2215 2216 2219 2220 2223 2224 2227 2230 2231 2232 2233 2234 2235 2236 2238 2240 2243 2245 2246 2247 2252 2253 2254 2255 2256 2257 2258 2259 2260 2261 2262 2263 2264 2265 2266 2267 2268 2272 2273 2274 2275 2276 2277 2278 2279 2280 2282 2284 2285 2287 2288 2289 2290 2293 2294 2295 2297 2298 2299 2300 2301 2302 2303 2304 2305 2308 2309 2311 2312 2313 2314 2315 2316 2317 2318 2319 2320 2321 2322 2323 2324 2325 2326 2327 2328 2329 2331 2332 2333 2334 2335 2338 2339 2340 2341 2342 2343 2344 2345 2346 2347 2348 2349 2351 2353 2354 2355 2356 2361 2362 2363 2364 2365 2367 2369 2370 2371 2372 2373 2374 2375 2376 2378 2379 2380 2381 2382 2383 2385 2387 2390 2392 2393 2394 2397 2398 2399 2401 2402 2403 2404 2405 2407 2408 2409 2410 2411 2412 2413 2414 2415 2416 2417 2418 2420 2421 2422 2423 2424 2425 2427 2428 2429 2430 2431 2432 2433 2434 2436 2437 2438 2439 2440 2441 2442 2444 2446 2448 2450 2453 2454 2455 2456 2457 2459 2460 2461 2462 2463 2464 2466 2468 2469 2470 2471 2472 2474 2475 2476 2478 2479 2480 2481 2482 2483 2484 2485 2487 2488 2489 2490 2491 2492 2495 2496 2497 2498 2499 2500 2501 2503 2505 2506 2507 2508 2509 2511 2512 2513 2514 2515 2517 2518 2520 2521 2522 2523 2524 2525 2526 2527 2528 2529 2530 2532 2533 2534 2536 2537 2538 2541 2542 2543 2544 2545 2546 2547 2548 2549 2550 2551 2552 2553 2555 2557 2558 2559 2560 2561 2562 2563 2564 2566 2567 2568 2569 2570 2572 2573 2574 2575 2576 2577 2578 2579 2580 2581 2582 2583 2584 2585 2586 2587 2588 2589 2590 2591 2592 2593 2594 2595 2596 2597 2599 2600 2601 2602 2603 2604 2605 2606 2607 2608 2609 2610 2611 2612 2613 2614 2616 2617 2618 2619 2620 2621 2622 2623 2624 2625 2626 2627 2628 2629 2630 2631 2632 2633 2634 2635 2636 2637 2638 2639 2640 2641 2642 2643 2644 2645 2646 2647 2648 2649 2650 2651 2652 2653 2654 2655 2656 2657 2658 2659 2660 2661 2662 2663 2664 2665 2666 2667 2670 2671 2673 2674 2675 2676 2677 2678 2679 2681 2683 2684 2685 2686 2687 2688 2689 2690 2691 2692 2693 2694 2695 2696 2697 2698 2699 2700 2701 2702 2703 2704 2705 2706 2708
3 15 18 21 23 25 31 44 46 53 62 76 85 92 111 112 120 121 125 127 133 140 143 147 154 156 157 163 173 176 192 195 202 204 212 229 231 233 241 252 259 271 272 278 291 298 300 303 309 316 324 328 333 342 345 357 371 390 395 400 402 403 409 418 424 429 435 438 441 467 477 481 485 513 515 516 525 538 542 545 559 564 568 574 577 581 582 585 587 597 605 609 610 624 645 648 651 652 666 690 694 699 707 719 720 723 726 730 733 738 739 742 744 752 767 779 791 793 795 798 810 813 816 820 824 839 860 864 870 872 876 877 878 886 888 896 902 911 936 937 965 970 971 983 986 997 999 1013 1017 1021 1042 1046 1047 1052 1071 1091 1094 1095 1096 1097 1102 1103 1108 1112 1121 1122 1130 1136 1144 1175 1177 1184 1190 1197 1203 1205 1215 1222 1241 1246 1252 1263 1272 1285 1302 1304 1326 1335 1345 1360 1383 1389 1400 1402 1403 1409 1413 1416 1422 1449 1470 1471 1473 1482 1483 1530 1531 1535 1536 1547 1553 1567 1578 1581 1593 1594 1599 1600 1619 1621 1637 1654 1667 1671 1677 1678 1710 1711 1712 1722 1724 1725 1729 1730 1732 1733 1736 1739 1746 1751 1757 1759 1764 1773 1774 1776 1778 1779 1780 1782 1783 1785 1786 1788 1790 1798 1802 1805 1806 1808 1813 1822 1827 1830 1840 1842 1847 1849 1852 1857 1874 1875 1882 1883 1885 1900 1902 1907 1909 1910 1921 1927 1929 1936 1937 1942 1945 1946 1958 1959 1965 1979 1980 1981 1985 1997 1999 2004 2010 2017 2018 2022 2025 2047 2060 2064 2077 2086 2095 2096 2097 2114 2121 2124 2125 2134 2141 2164 2170 2173 2179 2181 2182 2187 2190 2198 2199 2218 2221 2222 2226 2228 2241 2250 2269 2270 2281 2283 2291 2296 2337 2350 2352 2358 2359 2389 2391 2396 2419 2435 2443 2445 2449 2486 2493 2502 2510 2516 2539 2554 2556 2565 2615
75 134 237 457 483 520 696 1301 1368 1584 1740 1870 1955 2055 2200 2360
240 688 1016 1741
974 1629 1704 2156 2183
96 1132 1484
1225
1073 2046
1014
1624
1811
1987
1702
307
1359
13 94 168 312 354 519 579 828 1099 1513 1555 1838 2098 2101 2237 2251 2286 2458 2494 2540 2707
416 1170
1043 1442
19 27 37 40 52 100 103 122 146 149 187 244 270 282 285 369 372 375 393 404 439 443 445 459 466 473 493 541 549 592 604 607 611 641 740 761 789 818 832 837 869 874 890 898 958 963 1003 1004 1023 1036 1055 1066 1068 1081 1148 1186 1204 1251 1270 1283 1297 1308 1314 1337 1344 1361 1378 1396 1410 1418 1464 1476 1508 1520 1527 1528 1529 1539 1559 1580 1611 1635 1672 1694 1706 1709 1738 1796 1799 1825 1835 1850 1904 1908 1956 2019 2057 2113 2115 2118 2145 2147 2148 2158 2161 2169 2195 2204 2217 2225 2242 2244 2248 2271 2306 2307 2310 2330 2357 2386 2426 2447 2467 2473 2477 2504 2535 2571 2598 2680 2682
311 1104 1417
49 60 66 95 211 232 317 442 455 491 566 646 658 703 712 736 749 868 1051 1155 1159 1172 1318 1465 1603 1617 1682 1683 1703 1777 1890 1903 1913 1953 1967 2081 2084 2239 2292 2336 2384 2452
155 280 834 2026 2131
599 1543 1915
1230 1506 1726 1743 1895 1928 1951 1974 2002 2672
2035
734
5 161 380 471 499 554 639 746 780 784 817 858 894 905 912 1098 1116 1257 1274 1371 1397 1429 1444 1502 1653 1762 1920 1960 1976 2076 2078 2110 2126 2127 2176 2177 2229 2377 2388 2400 2406 2668 2669
508 1625 1766
964
488 735 737 1744 1843 2451 2465
437 1414 1693
2072
351 526 1258
430 1120 1310 2249 2368 2395
34 56 90 181 219 365 506 578 1352 1656 2123
110
89
119
74 757
70 104 427 705 729 855 980 1161 1200 2163 2366 2519 2531
662
