1 6 43 88 151 172 233 296 303 304 490 496 574 623 644 720 791 843 870 876 887 892 903 915 1050 1115 1177 1178 1285 1328 1329 1433 1549 1605 1660 1675 1712 1732 1863 1865 1936 1943 2391 2392 2408 2414 2415 2561 2583 2609
2 7 9 11 12 28 36 41 48 50 55 61 62 68 77 78 81 83 91 102 113 115 117 125 126 127 131 142 147 150 152 158 159 165 167 175 180 182 191 197 204 221 224 235 243 246 249 256 263 264 278 281 287 291 299 301 309 310 318 322 325 326 329 332 335 341 343 345 349 350 353 358 360 361 366 373 374 382 383 387 388 389 392 397 399 406 422 425 436 447 451 453 454 460 462 465 468 480 489 497 517 524 525 531 532 534 536 540 543 544 547 550 552 560 570 572 573 582 587 594 598 606 609 616 617 618 619 621 629 632 634 635 643 653 656 657 668 671 672 679 689 690 698 706 709 719 721 727 728 745 747 750 754 756 758 760 762 764 774 788 790 793 794 796 804 806 808 813 814 815 820 821 824 829 838 842 844 845 848 852 856 857 861 863 865 871 877 879 880 882 885 888 889 891 901 906 907 908 916 919 925 939 947 953 956 957 982 993 1007 1011 1018 1040 1044 1046 1056 1063 1064 1065 1069 1072 1074 1075 1078 1080 1083 1086 1089 1093 1100 1105 1111 1119 1121 1125 1139 1140 1149 1152 1153 1154 1156 1158 1160 1163 1164 1168 1169 1175 1176 1180 1185 1187 1188 1190 1192 1196 1198 1202 1208 1210 1214 1216 1218 1229 1233 1238 1244 1249 1252 1253 1255 1256 1259 1260 1266 1267 1268 1269 1271 1277 1279 1281 1284 1288 1290 1294 1295 1296 1313 1315 1316 1320 1321 1323 1327 1330 1331 1333 1335 1342 1347 1348 1349 1356 1358 1363 1367 1377 1380 1381 1382 1383 1386 1387 1390 1395 1404 1407 1421 1425 1426 1427 1430 1431 1434 1436 1443 1449 1452 1453 1460 1462 1466 1468 1478 1479 1487 1491 1495 1498 1505 1507 1510 1514 1519 1521 1533 1534 1538 1541 1546 1550 1565 1570 1575 1586 1606 1607 1608 1612 1615 1620 1628 1632 1636 1641 1642 1655 1659 1662 1664 1666 1668 1669 1676 1678 1680 1685 1688 1689 1690 1698 1699 1700 1710 1711 1713 1714 1715 1716 1717 1719 1724 1728 1733 1735 1737 1742 1747 1750 1752 1763 1767 1770 1771 1776 1780 1782 1785 1786 1787 1788 1789 1791 1793 1797 1800 1801 1803 1805 1806 1809 1810 1813 1819 1822 1831 1832 1834 1836 1839 1842 1845 1847 1852 1857 1858 1874 1879 1882 1883 1886 1889 1892 1893 1894 1905 1917 1922 1930 1933 1934 1937 1941 1954 1957 1962 1964 1966 1968 1969 1970 1971 1972 1973 1975 1977 1978 1982 1983 1988 2000 2001 2004 2007 2009 2011 2012 2013 2014 2016 2021 2023 2027 2030 2031 2032 2034 2036 2039 2040 2042 2043 2044 2047 2050 2051 2052 2053 2054 2056 2058 2069 2073 2074 2082 2083 2085 2087 2090 2106 2107 2116 2117 2122 2128 2129 2135 2136 2138 2160 2162 2171 2178 2184 2187 2191 2197 2199 2201 2202 2205 2208 2211 2214 2215 2219 2221 2233 2234 2236 2238 2245 2246 2257 2262 2263 2264 2268 2275 2277 2278 2279 2280 2282 2284 2288 2293 2294 2295 2297 2300 2302 2304 2305 2308 2311 2315 2318 2319 2320 2321 2322 2324 2325 2331 2333 2335 2339 2341 2344 2348 2351 2353 2354 2358 2364 2367 2373 2380 2382 2383 2387 2394 2397 2399 2410 2417 2423 2424 2425 2442 2444 2448 2454 2457 2460 2461 2466 2468 2470 2471 2475 2476 2482 2492 2493 2495 2500 2509 2515 2518 2521 2523 2524 2536 2542 2544 2548 2555 2574 2578 2579 2580 2582 2591 2592 2602 2605 2610 2613 2616 2617 2631 2642 2648 2652 2654 2655 2674 2678 2679 2681 2685 2699 2703
3 21 23 39 87 106 129 133 143 153 195 265 267 384 400 408 409 410 412 429 449 458 464 474 542 585 589 628 699 707 739 752 772 795 798 799 850 872 949 962 1001 1008 1095 1096 1147 1157 1179 1183 1217 1235 1236 1302 1304 1345 1355 1400 1411 1428 1482 1488 1504 1531 1553 1593 1609 1619 1729 1757 1764 1773 1778 1779 1790 1798 1802 1808 1830 1907 1910 1914 1920 1960 1984 1985 2022 2041 2075 2100 2108 2111 2130 2137 2173 2179 2203 2216 2247 2250 2290 2291 2296 2327 2376 2420 2426 2440 2441 2443 2446 2449 2581 2646
4 8 32 67 107 185 188 209 223 226 248 251 288 308 391 423 463 475 521 539 546 588 593 612 626 642 654 663 693 701 714 722 781 787 822 833 918 933 948 960 968 975 987 992 1006 1025 1033 1035 1045 1049 1060 1109 1182 1209 1211 1232 1234 1237 1264 1287 1299 1311 1357 1372 1376 1394 1408 1439 1497 1542 1564 1595 1601 1614 1649 1674 1692 2256 2342 2411 2412 2430 2432 2433 2434 2462 2480 2530 2545 2584 2587 2601 2603 2604 2619 2620 2626 2627 2630 2632 2634 2640 2660 2661 2665 2666 2667 2670 2691 2693 2698 2704 2705 2706
5 2176
10 724
13 1555
14 20 24 29 30 54 58 59 63 64 69 80 97 101 128 130 139 141 144 148 154 160 164 170 171 177 189 193 194 196 199 206 216 217 222 225 234 239 245 253 254 257 261 273 274 275 289 290 294 295 302 313 314 315 320 323 330 337 339 340 344 352 356 359 363 368 385 394 401 417 420 426 434 440 472 476 492 495 498 501 505 509 511 512 514 522 529 537 551 555 556 557 558 576 591 602 613 614 620 625 633 637 638 640 647 650 655 659 661 669 680 681 683 685 686 687 692 700 708 715 716 731 743 755 770 771 776 777 778 782 783 785 786 792 797 800 803 811 819 825 826 831 841 847 853 854 866 873 881 893 895 897 910 914 921 923 924 926 927 932 941 942 943 945 950 952 959 969 978 979 981 988 989 991 994 1010 1012 1015 1019 1022 1024 1026 1031 1039 1058 1059 1067 1076 1077 1079 1085 1088 1106 1123 1126 1127 1131 1138 1141 1142 1143 1145 1146 1150 1151 1162 1165 1167 1189 1194 1199 1206 1207 1223 1228 1239 1242 1245 1247 1248 1278 1286 1289 1293 1300 1303 1306 1307 1322 1332 1351 1353 1364 1365 1374 1385 1388 1391 1392 1398 1405 1412 1419 1423 1424 1435 1438 1441 1445 1448 1455 1456 1467 1492 1494 1517 1518 1526 1548 1551 1552 1557 1561 1562 1566 1569 1572 1574 1576 1577 1579 1582 1583 1588 1592 1596 1597 1602 1604 1613 1616 1626 1627 1634 1644 1650 1652 1673 1679 1687 1691 1697 1705 1727 1731 1734 1748 1749 1756 1758 1765 1769 1772 1775 1794 1814 1815 1816 1818 1821 1824 1833 1841 1846 1848 1853 1856 1859 1866 1867 1868 1869 1871 1876 1878 1887 1888 1891 1896 1901 1906 1911 1916 1918 1919 1923 1925 1926 1931 1935 1940 1944 1947 1949 1950 1986 1989 1990 1992 1993 1994 1995 2003 2005 2015 2020 2029 2033 2037 2038 2045 2048 2049 2063 2088 2089 2092 2093 2094 2102 2105 2109 2120 2139 2143 2152 2153 2154 2159 2166 2168 2172 2180 2189 2192 2207 2209 2212 2232 2240 2243 2254 2255 2258 2265 2299 2303 2314 2316 2317 2323 2329 2332 2343 2355 2356 2362 2363 2372 2374 2375 2378 2379 2385 2393 2401 2404 2405 2418 2421 2422 2427 2429 2453 2463 2469 2472 2478 2479 2490 2491 2497 2507 2511 2512 2513 2514 2522 2526 2528 2533 2534 2543 2546 2551 2553 2558 2560 2562 2569 2572 2573 2575 2576 2585 2588 2589 2593 2594 2595 2599 2606 2607 2611 2612 2614 2618 2621 2622 2623 2624 2629 2638 2639 2644 2645 2647 2650 2651 2656 2673 2697 2700 2701
15 487 2669
16 114 250 331 600 849 1174 1640 1872 2024 2165 2285 2287 2381 2508 2683
17 1047
18 46 190 300 418 444 541 579 622 648 711 730 733 744 827 839 937 986 995 1312 1317 1485 1513 1532 1567 1568 1648 1725 1746 1774 2028 2213 2283 2502 2516 2597 2686
19 53 104 105 112 157 163 212 231 252 271 324 357 378 395 403 450 466 481 491 515 597 645 694 697 809 862 890 1055 1084 1087 1099 1103 1118 1130 1137 1205 1222 1227 1246 1283 1350 1360 1402 1403 1463 1475 1489 1535 1537 1556 1580 1623 1635 1667 1670 1671 1677 1709 1722 1739 1751 1759 1795 1835 1900 1921 1927 1929 1958 1959 2018 2086 2095 2097 2113 2158 2267 2307 2340 2361 2419 2464 2467 2494 2539 2547 2565
22 65 79 84 268 276 305 470 477 482 518 553 608 615 717 741 759 768 812 922 985 1038 1108 1309 1523 1544 1621 1663 1807 1881 1899 1942 1961 1963 2080 2210 2289 2298 2345 2365 2407 2487 2496 2657 2690
25 57 398 448 471 666 726 729 732 858 946 1098 1280 1653 1850 1912 2140 2142 2204 2389 2554
26 31 1090 1849 1965 2164 2244 2556
27 990 1410 1508 1828 2456 2510 2520
33 667
34 1827 2182 2271 2531
35 883 920
37 443 696 1337
38 298 486 713 1135 1598 2413 2474
40 74 90 96 232 270 280 365 390 455 506 545 688 737 886 1116 1159 1258 1270 1352 1726 1741 1956 1967 2081 2118 2161 2217 2384 2672
42 45 72 86 100 111 149 161 168 174 183 202 203 237 244 272 312 371 372 375 404 407 456 457 519 549 559 564 565 569 583 590 610 646 651 682 712 723 736 757 767 784 789 837 874 899 902 938 965 999 1004 1013 1027 1054 1091 1110 1112 1136 1166 1186 1197 1200 1203 1215 1291 1297 1314 1326 1344 1368 1378 1409 1418 1420 1458 1465 1499 1502 1520 1560 1581 1589 1599 1643 1694 1755 1762 1777 1799 1838 1843 1851 1870 1875 1897 1904 1908 1909 1946 1953 1955 2010 2057 2076 2110 2123 2125 2126 2132 2145 2147 2151 2155 2157 2163 2169 2188 2195 2196 2231 2251 2260 2330 2357 2371 2377 2388 2435 2436 2439 2451 2458 2577 2615
44 780 864 973 1122 1783 1980 2504
47 162 186 198 218 283 286 321 342 355 377 411 433 452 494 503 580 660 673 677 695 704 748 836 840 851 867 900 936 1173 1191 1193 1195 1201 1226 1254 1276 1325 1334 1336 1373 1401 1451 1469 1547 1610 1622 1684 1760 1792 1952 1998 2066 2068 2091 2133 2144 2220 2266 2313 2416 2428 2481 2498 2517 2649 2664 2671
49 122 155 181 317 703 749 832 1308 1611 1895 1974 2452
51 242 266 649 751 1061 1701 1708 2272 2273 2274
52 134 439 1527
56 2465
60 818 869 1890 2292
66 473 868
70 467 499 801 860
71 2185
73 1124 1481 1761
75 156 187 520 568 1536 1796 1840 2310 2366 2473 2486
76 285 2225
82 2229
85 2226
92 178 229 354 1251 1272 1885 1902 2124 2218 2286 2680
93 1837
94 438
95 219 416 442 964 1928
98 1354
99 773
103 485 493 604 611 761 963 1036 1204 1301 1528 1559 1672 2060 2306
108 1651
109 479 670 911 1107 1346 1525 1571 1781 1880 2146 2281 2409 2501 2529
110 1073
116 631
118 201 260 405 432 1171 1440 1477 2538 2677 2695 2696
119 1417
120 483 516 740 1066 1241 1263 1361 1396 1999 2055 2269 2477
121 484 1981
123 124 1366 1554 1646 1829 2115 2437
132 684
135 2506
136 2505
137 1639
138 2096
140 435 1979
145 214
146 1594 2193
166 1474 2708
169 2438
173 1473
176 607 1578 2019 2352
179 208 346 2596
184 998
192 1003 1738 2598
200 421
205 967
207 2692
210 362 1450 2684
211 1172
213 2259
215 2194
220 1932
227 236 665 875 1053 1213 1324 1854 1855 1861 1862 1873
228 630 934
230 1406
238 2541 2633
241 513
247 297 469 769 928 1220 1240 1265 1393 1590 2499
255 1212
258 912 966
259 380 624
262 1480
269 2390
277 1696
279 2590
282 351 437 508 662 2156 2183
284 1261
292 1515 2346
293 678 940 1037 1113 2175
306 1924
316 333 896 1654 2141
319 1338
327 1753
328 1470 1997 2064 2350 2359
334 930
336 1454 1860 1877
338 1500
347 1000 1472 1647
348 424 441 605 810 971 1097 1397 1415 1416 1511 2121 2181 2337 2396 2643
364 2608
367 1128 1996
369 1081 2447
370 2484 2567 2568
376 2402
379 603
381 478 931 2570
386 954 2485 2566
393 445 738 980 1068 1371 1422 1444 1530 1825 2228 2241 2336
396 766
402 581 816 997 1052 1071 1144 1471 2190 2198 2519
413 1369
414 2150
415 2112
419 2552
427 905 1184
428 1362 1399
430 658 735 898 1682 2239
431 913 984 1262
446 461 507 702 765 961 1009 1282 1341 1723 1730 1820 1945 2326 2403
459 1706 1740 2242
488 1683
500 2459
502 1493 1563 1745
504 575 2349
510 1243
523 976 2099
527 763 1370 2600 2653
528 2455 2525
530 2261
533 1864
535 884
548 1101
554 746
561 2527 2635 2637
562 1459
563 2114
567 674
571 2431
584 2223
586 775 2636 2694
592 742 2101 2309 2328
595 664
596 1092
601 1028 2398
627 1250
636 1545
639 2368
641 1148
652 2025
675 718
676 935
691 1133
705 1736 1744
710 1898
725 779 1591 1633 2230
753 1558 1686
802 1804
805 2537
807 1384
817 2406
823 1638
828 1476 2222 2237 2535 2571
830 1490
835 2170
846 1298
855 1637
859 1516
894 1389
904 1219
909 1522
917 2532
929 1461 2065 2347
944 2301
951 1496
955 2174 2563
958 2084
970 1413
972 1114
974 1951
977 1432
983 1017
996 1339 2103 2104
1002 2662 2687 2688
1005 1817
1016 1625 1704
1020 1457
1021 2077
1023 1903
1029 1884
1030 2167
1032 2206
1034 1587
1041 1720 1721
1042 1483 1503 1665 2017 2067
1048 2334
1057 2483
1070 1221 1275
1082 1231 1343 2564
1102 2149
1117 1224
1120 2200
1129 2276
1134 1501 2186
1155 2026
1161 2248 2270
1181 1305
1225 1414
1230 1629
1257 2177
1273 1948
1274 2127
1292 1661
1319 1658 2663 2689
1340 1754
1375 1618
1379 2059
1429 2445
1437 2338
1446 1447
1464 2134
1486 1540
1506 1743
1509 2119
1512 2641
1524 1938
1573 2079
1585 1657
1603 2072
1630 1718
1631 2400
1645 1844
1656 1703
1681 2312
1695 2628
1707 2586
1768 1784
1812 1823
1826 1976
1913 2386
1939 2450
1991 2006 2008
2061 2062
2070 2071
2078 2668
2224 2227
2235 2503
2252 2253
2369 2370
2488 2489
2549 2550
2557 2559
2625 2702
2658 2659
2675 2676
240 526 538 566 577 878 1062 1094 1318 1529 1539 1584 1600 1617 1693 2098 2148 2540 2707
1543
1702
1359
578 1132 2002 2360 2395
2249
734
89 2035
307
1014
1624
1987
1484
311 599
1043 1170 2046
1811
1104
1915
1442
834
2682
2131
1766
1310
1051
