1 2 4 6 8 9 10 11 12 14 20 22 24 29 30 32 35 36 41 43 47 48 50 51 54 55 58 59 61 63 64 65 67 68 69 71 72 73 77 78 80 81 83 84 86 88 93 97 98 99 101 102 107 109 114 115 116 117 118 126 128 130 131 132 135 136 137 139 141 142 144 148 151 160 162 164 165 167 169 170 171 172 177 179 180 183 184 185 186 188 189 191 193 194 196 197 198 199 200 201 205 206 207 208 209 210 213 215 216 217 218 220 221 222 223 224 225 226 227 228 234 235 236 238 239 242 246 248 249 250 251 254 255 257 260 261 263 264 266 268 269 273 274 275 276 277 279 281 283 284 286 287 288 289 290 292 293 294 295 296 297 299 301 302 306 308 310 313 314 315 318 320 321 322 323 325 326 327 329 330 331 332 334 335 336 337 339 340 341 343 344 346 347 350 352 353 355 356 359 360 361 362 363 364 366 368 370 374 377 379 382 383 385 387 388 389 391 394 396 397 399 401 405 411 413 414 415 417 419 420 421 422 423 425 426 428 431 432 433 434 436 440 446 447 451 452 454 456 461 462 463 468 469 470 472 475 476 480 489 490 492 494 495 496 497 498 500 501 502 503 504 505 509 510 511 512 514 517 518 521 522 523 524 528 529 530 531 532 533 534 536 537 539 540 544 546 547 548 551 552 555 556 557 558 560 561 562 565 567 569 570 571 572 573 575 576 580 586 588 591 593 594 595 596 598 600 601 602 603 606 608 612 613 614 615 616 618 619 620 621 625 626 630 631 632 633 634 635 636 637 638 640 642 643 647 649 650 653 654 655 656 657 659 660 661 663 664 665 668 669 670 671 673 674 675 676 677 678 679 680 681 683 684 685 686 687 689 691 692 693 695 698 700 701 704 706 708 710 713 714 715 716 718 721 722 724 725 727 728 731 741 743 747 750 751 753 754 755 756 758 760 762 763 764 766 770 771 773 774 775 776 777 778 781 782 783 785 786 787 788 790 792 796 800 803 804 805 807 811 812 814 819 821 822 823 825 826 829 830 831 833 838 840 841 842 845 846 847 848 849 851 853 854 856 857 859 861 863 865 866 867 871 873 875 879 880 881 882 883 885 887 889 891 892 893 895 897 901 903 907 908 909 910 913 914 915 917 918 919 920 921 922 923 924 925 926 927 929 930 932 933 934 935 938 939 940 941 942 943 944 945 947 948 950 951 952 953 955 956 957 959 960 961 967 968 969 972 975 976 977 978 979 982 984 987 988 989 991 992 993 994 996 998 1000 1002 1005 1006 1007 1010 1011 1012 1015 1019 1020 1022 1024 1025 1026 1028 1029 1030 1031 1032 1033 1034 1035 1037 1038 1040 1044 1045 1048 1049 1053 1054 1056 1057 1058 1059 1060 1061 1062 1064 1065 1067 1069 1070 1074 1075 1076 1077 1079 1082 1083 1085 1088 1089 1092 1093 1100 1101 1105 1106 1107 1109 1113 1114 1115 1117 1123 1124 1125 1126 1127 1129 1131 1133 1135 1138 1139 1141 1142 1143 1145 1146 1151 1152 1154 1156 1160 1162 1163 1164 1165 1167 1168 1169 1171 1173 1174 1176 1180 1181 1182 1185 1187 1188 1189 1192 1193 1194 1195 1198 1199 1201 1202 1206 1207 1208 1209 1210 1211 1212 1213 1218 1220 1221 1223 1224 1226 1228 1229 1231 1232 1233 1234 1237 1238 1239 1240 1242 1243 1244 1245 1247 1248 1249 1250 1253 1254 1255 1256 1259 1260 1261 1262 1264 1265 1266 1267 1268 1269 1271 1275 1276 1277 1278 1279 1281 1284 1286 1287 1289 1290 1292 1293 1294 1295 1296 1298 1299 1300 1303 1305 1306 1307 1309 1311 1313 1315 1316 1319 1320 1322 1323 1324 1325 1327 1329 1330 1331 1332 1333 1336 1339 1340 1342 1343 1346 1348 1351 1353 1354 1356 1357 1358 1362 1363 1364 1365 1367 1369 1372 1373 1374 1375 1376 1377 1380 1381 1382 1384 1385 1386 1387 1388 1390 1391 1392 1393 1394 1395 1398 1399 1401 1404 1405 1407 1408 1412 1419 1420 1421 1423 1424 1425 1426 1427 1430 1431 1432 1434 1435 1436 1437 1438 1439 1440 1441 1443 1446 1447 1448 1450 1451 1452 1453 1454 1455 1456 1457 1459 1460 1461 1462 1466 1467 1468 1469 1472 1477 1479 1481 1486 1487 1490 1491 1492 1493 1494 1495 1496 1497 1498 1505 1507 1509 1510 1512 1514 1515 1516 1517 1518 1519 1522 1523 1524 1525 1533 1538 1540 1541 1542 1545 1546 1548 1549 1550 1551 1552 1557 1560 1561 1562 1563 1564 1565 1566 1570 1571 1572 1574 1575 1576 1577 1579 1582 1583 1585 1586 1587 1588 1589 1590 1591 1592 1595 1596 1597 1598 1601 1602 1604 1606 1607 1608 1610 1612 1613 1614 1615 1616 1618 1620 1622 1626 1627 1630 1631 1632 1633 1634 1638 1639 1640 1641 1642 1644 1645 1647 1649 1650 1652 1657 1658 1659 1660 1661 1664 1668 1669 1673 1674 1675 1679 1680 1681 1685 1686 1687 1689 1690 1691 1692 1695 1696 1697 1699 1700 1701 1707 1708 1713 1716 1723 1727 1728 1731 1734 1745 1747 1748 1749 1753 1754 1756 1758 1761 1765 1767 1768 1769 1772 1775 1784 1787 1789 1791 1793 1794 1797 1801 1803 1807 1809 1810 1812 1814 1815 1816 1817 1818 1820 1821 1823 1824 1832 1833 1834 1836 1837 1841 1844 1845 1846 1848 1853 1854 1855 1856 1858 1859 1860 1861 1862 1864 1866 1867 1868 1873 1876 1877 1878 1879 1884 1886 1887 1888 1889 1891 1892 1893 1894 1896 1898 1901 1905 1906 1911 1916 1917 1918 1919 1922 1923 1924 1925 1926 1931 1932 1933 1935 1938 1939 1940 1943 1944 1949 1950 1954 1962 1963 1964 1966 1968 1969 1970 1971 1972 1973 1975 1977 1978 1982 1983 1986 1989 1990 1991 1992 1993 1994 1995 1998 2003 2006 2007 2008 2009 2012 2013 2014 2015 2016 2020 2021 2023 2024 2029 2030 2031 2032 2033 2036 2037 2038 2039 2040 2043 2044 2045 2048 2049 2050 2051 2052 2054 2058 2061 2062 2063 2065 2066 2068 2069 2070 2071 2073 2074 2080 2082 2083 2085 2088 2089 2090 2092 2093 2094 2099 2102 2103 2104 2105 2106 2107 2109 2112 2116 2117 2119 2120 2122 2129 2132 2135 2136 2138 2139 2143 2150 2151 2152 2153 2154 2159 2160 2162 2165 2166 2167 2168 2171 2172 2174 2175 2180 2184 2185 2189 2191 2192 2194 2197 2201 2202 2205 2206 2207 2208 2209 2210 2211 2212 2214 2215 2219 2220 2227 2230 2232 2233 2234 2235 2236 2238 2240 2243 2245 2246 2252 2253 2254 2255 2256 2257 2258 2259 2261 2262 2263 2264 2265 2268 2272 2273 2274 2275 2276 2277 2278 2279 2280 2282 2284 2285 2287 2288 2289 2293 2294 2295 2297 2299 2300 2301 2302 2303 2304 2308 2311 2312 2313 2314 2315 2316 2317 2318 2319 2320 2321 2322 2323 2324 2329 2331 2332 2333 2334 2335 2338 2339 2341 2342 2343 2344 2346 2347 2348 2349 2351 2353 2354 2355 2356 2362 2363 2364 2365 2367 2369 2370 2371 2372 2373 2374 2375 2378 2379 2380 2381 2382 2383 2385 2387 2390 2393 2394 2397 2398 2399 2401 2403 2404 2405 2407 2408 2409 2410 2411 2412 2414 2415 2416 2417 2418 2421 2422 2423 2425 2427 2429 2430 2431 2432 2433 2434 2436 2438 2439 2442 2444 2448 2450 2453 2454 2457 2459 2460 2461 2462 2463 2466 2468 2469 2470 2471 2472 2474 2475 2476 2478 2479 2480 2481 2482 2483 2484 2487 2488 2489 2490 2491 2492 2495 2497 2499 2500 2503 2505 2506 2507 2508 2509 2511 2512 2513 2514 2515 2517 2518 2521 2522 2523 2524 2525 2526 2527 2528 2529 2530 2532 2533 2534 2536 2537 2538 2541 2542 2543 2544 2545 2546 2548 2549 2550 2551 2552 2553 2555 2557 2558 2559 2560 2561 2562 2563 2564 2567 2568 2569 2572 2573 2574 2575 2576 2577 2578 2579 2580 2582 2583 2584 2585 2586 2587 2588 2589 2590 2591 2592 2593 2594 2595 2596 2599 2601 2602 2603 2604 2605 2606 2607 2608 2610 2611 2612 2613 2614 2616 2617 2618 2619 2620 2621 2622 2623 2624 2625 2626 2627 2628 2629 2630 2631 2632 2633 2634 2635 2636 2637 2638 2639 2640 2641 2642 2644 2645 2647 2648 2649 2650 2651 2652 2654 2655 2656 2657 2658 2659 2660 2661 2662 2663 2664 2665 2666 2667 2670 2671 2673 2674 2675 2676 2677 2678 2679 2681 2683 2684 2685 2687 2688 2689 2690 2691 2692 2693 2694 2695 2696 2697 2698 2699 2700 2701 2702 2703 2704 2705 2706
3 5 7 16 18 21 23 26 28 31 33 39 42 46 53 57 62 85 87 91 92 104 105 106 108 111 113 121 125 127 133 138 143 147 150 152 153 154 157 158 159 163 174 175 182 190 195 203 204 212 229 230 231 233 243 245 253 256 262 265 278 291 298 300 303 305 309 316 319 324 338 342 345 349 357 358 367 376 378 384 392 395 406 407 408 410 412 418 429 435 444 448 449 450 453 458 460 464 471 474 481 482 484 507 516 525 527 543 550 553 559 563 564 574 579 582 584 587 589 590 597 605 609 617 622 623 627 628 629 644 648 667 672 682 690 697 699 702 709 711 717 719 720 723 726 730 733 744 745 748 765 767 768 772 779 784 789 791 793 794 795 797 798 799 801 806 808 809 810 813 815 820 824 827 835 836 843 844 850 852 860 870 872 876 877 888 896 900 906 911 916 936 949 962 966 971 973 981 983 986 997 1001 1003 1008 1009 1013 1017 1021 1027 1039 1041 1042 1046 1050 1052 1063 1072 1078 1080 1086 1095 1096 1098 1099 1102 1103 1108 1110 1111 1112 1118 1119 1121 1128 1134 1137 1140 1144 1147 1149 1150 1153 1157 1158 1175 1177 1178 1179 1183 1190 1196 1203 1205 1216 1217 1219 1227 1235 1236 1241 1246 1252 1263 1272 1273 1288 1312 1317 1321 1334 1335 1338 1341 1345 1347 1349 1350 1355 1360 1366 1383 1400 1403 1406 1411 1428 1433 1445 1449 1463 1471 1475 1478 1480 1482 1483 1485 1488 1489 1499 1500 1501 1513 1521 1526 1531 1532 1534 1535 1537 1544 1547 1553 1556 1558 1567 1569 1573 1581 1593 1599 1600 1605 1609 1619 1621 1623 1628 1636 1637 1646 1651 1654 1655 1662 1663 1666 1670 1671 1676 1677 1678 1684 1688 1698 1705 1710 1712 1714 1715 1717 1718 1719 1720 1721 1724 1725 1729 1730 1732 1733 1735 1737 1739 1742 1750 1751 1752 1755 1757 1759 1760 1763 1764 1770 1771 1776 1778 1780 1781 1782 1785 1786 1788 1790 1792 1795 1798 1800 1802 1805 1806 1808 1813 1819 1822 1826 1830 1831 1839 1842 1847 1851 1852 1857 1865 1869 1871 1872 1874 1875 1880 1881 1882 1883 1897 1899 1907 1910 1912 1914 1920 1930 1934 1937 1941 1942 1945 1947 1948 1952 1957 1958 1960 1961 1965 1979 1980 1981 1984 1985 1988 1996 1997 2000 2001 2004 2005 2011 2017 2018 2022 2025 2027 2028 2034 2041 2042 2047 2053 2056 2067 2075 2077 2079 2086 2087 2091 2095 2096 2100 2108 2111 2113 2114 2115 2121 2124 2128 2130 2133 2137 2142 2144 2146 2149 2157 2173 2176 2178 2181 2186 2187 2188 2190 2196 2198 2203 2213 2216 2221 2223 2224 2231 2237 2247 2250 2269 2283 2290 2291 2296 2305 2325 2327 2337 2340 2345 2352 2358 2359 2376 2389 2391 2392 2396 2400 2402 2420 2424 2426 2440 2441 2443 2446 2449 2464 2493 2539 2547 2581 2597 2598 2643 2646 2686
70 202 252 403 610 738 1136 1283 1285 1470 1530 1578 1746 1762 1773 1779 1783 1927 1959 2055 2179 2350
60 457 488 1368 1584
240 688 1506 1741
1258 1629 1726
96
1484
1225
1073
110
89
1624
1811
1987
1702
307
1359
38 381 386 478 931 954 985 1191 1214 1291 1379 2059 2266 2428 2485 2566 2570
13 19 94 120 149 168 178 187 244 270 272 312 354 438 459 466 477 486 535 541 549 577 583 592 641 694 742 761 802 828 862 884 890 899 995 999 1004 1055 1084 1087 1130 1197 1222 1251 1282 1308 1314 1378 1396 1402 1476 1529 1536 1555 1580 1635 1648 1665 1672 1694 1709 1738 1796 1804 1838 1840 1863 1885 1900 1902 1921 1929 2098 2101 2148 2155 2158 2170 2195 2218 2242 2251 2260 2267 2286 2306 2307 2309 2328 2357 2419 2458 2467 2473 2494 2496 2502 2535 2540 2565 2571 2615 2680 2682
1043
1442
508 974 1310 1704 2156 2395
437 1104 2002
122 232 282 375 404 493 611 832 886 958 1036 1148 1186 1204 1270 1418 1464 1520 1528 1559 1611 1706 1799 1890 1904 1908 1955 2057 2134 2147 2310 2386 2477
703 834 2118
416 1414
211 455 520 749 1352 1870 2084
95 646 1051 1172 1913 2131
2046
599
1014
1016 1230 1928 2249 2368 2672
1543
734
2035
25 140 161 176 259 390 427 445 491 545 581 639 651 652 696 705 740 780 837 905 1068 1071 1091 1274 1297 1344 1361 1371 1422 1527 1736 1744 1825 1849 1850 1976 1999 2125 2127 2248 2377 2519
1081 2076 2225
15 17 82 112 129 173 247 258 267 271 328 333 373 393 400 402 409 424 465 487 499 585 607 624 666 729 739 752 759 839 864 878 902 912 937 980 990 1047 1090 1097 1302 1304 1326 1389 1397 1415 1473 1503 1508 1511 1653 1667 1711 1835 1936 2064 2140 2141 2163 2199 2204 2226 2228 2229 2244 2281 2330 2361 2388 2437 2516 2520 2554 2669
2531
735 737 757
74 1318 2123 2384
1743
430 1625 1766
40 49 103 369 568 604 712 736 869 963 1023 1066 1429 1740 1956 2019 2169 2292
34
662
66 317 566 1155 1603 1683 1903 1967 2200 2239
56 2026 2465
52 439 2145
964 1132
311
1170
119
155 442 578 2452
479 928 2501 2600
45 79 904 1328 1458 1643 2298 2326 2413 2498 2609
1018
2161
970 1413 2010 2126
2451
1120 1974
443 473 818 868 1159 1465 1617 1682 2072
44 76 192 380 441 467 515 519 542 645 707 816 858 874 894 946 1094 1122 1161 1184 1200 1215 1568 1774 1946 2060 2078 2097 2110 2222 2271 2435 2486 2504 2510 2556 2668
90 181 219 365 506 658 1777 1953 2360
304 769 1370 2653
351 1895
237 1656 1703 2081
1417
2183
1951
1915
37 75 134 156 285 483 485 554 746 817 1116 1257 1301 1337 1444 1502 1539 1722 1909 2177 2182 2217 2241 2336 2366 2406 2447
855 898
241 371 513 538 732 1280 1416 2193
1166 2455
526
1693
372 2270
280
1843
348 398 965 1504 2164 2445
27 100 145 146 214 1594 2456
1827
166 1409 1410 1474 1554 1828 1829 2707 2708
123 124
