1 2 3 5 8 10 12 13 14 15 16 17 18 19 20 23 24 26 27 30 32 33 34 35 36 37 38 39 40 41 43 44 45 46 47 48 49 50 51 52 53 55 56 57 59 60 61 62 63 65 66 69 71 72 73 74 75 77 78 79 80 81 82 83 85 86 87 88 89 90 91 92 93 95 96 99 101 103 104 106 107 108 109 111 112 113 114 115 116 117 118 120 121 122 124 125 126 127 128 129 131 132 133 134 135 137 140 141 142 143 144 145 146 152 153 156 157 158 160 161 162 163 164 167 168 169 170 171 173 174 176 178 179 180 181 182 183
4 29 31 42 54 64 70 76 119 130 136 138 148 149 154 155 159 165 166 175
6 84 94 147
67 177
58
11 28 97 100 105 151 172
25
21 123 150
68
9
22 98 139
7 102 110
