3 5 8 10 12 13 15 16 17 18 19 20 24 26 27 30 32 33 34 35 36 37 38 39 40 41 43 45 46 47 49 51 52 53 55 56 57 59 60 61 62 63 65 66 69 71 72 74 75 77 80 81 82 86 87 88 89 91 92 95 96 99 101 103 106 107 108 109 112 113 114 115 116 117 118 120 122 124 125 127 128 129 132 133 135 137 140 141 142 143 144 145 146 152 153 157 158 160 162 163 164 167 170 171 173 174 178 179 180 181 182 183
2 14 42 44 48 50 54 78 85 90 104 111 131 134 136 148 149 155 156 165 166 169 176
4 31
84 94
68
67
58
28 73 76 83 105 119
79
11 159
97
9
25
177
23 64 93 121 138 154 161 168
29
172
126
147
21 102 110 123
1
7
175
70 130
98
22 100
6
151
150
139
