36
3
48
148
4
110
84
147
68
177
67
58
105
160
104
83
98
175
11
9
102
159
31
155
119
78 176
25
22
97
49
79
28
73
6
94
93
121
45
136
21
29
172
154
100
138
123
150
139
152
7
70 130
165
50
76
131
134
151
14
166
90
141
149
182
5
39
64
168
40
42
145
156 169
8 30 34 117
12 15 16 17 18 33 35 38 41 46 56 59 60 61 62 72 77 81 82 87 89 91 99 101 107 108 109 113 114 115 120 124 125 128 132 133 142 157 164 171 179 183
96
47 146
111
129
44
57
80
137
20
95 103
153
88 127
74 143 167
66
162
1
32
26
163
63
178
126
69
85
140
86
181
19
71
122
174
158
27
144
2
75
92
173
161
23
135
53
24
51
106
116
170
37
43
10
118
55
13 52 112 180
54
65
