2305
7238
15709
5624
5883
14319
596
9778
22
3843
15252
2525
1007 1167 1359 1467 1685 1793 1901 2009 3712 3911 4019 4225 4441 4549 4657 4765 4873 4981 5089 5305 5475 6679 6787 7113 7685 7793 7901 8118 8288 8396 8504 8721 8829 8937 9045 9258 9431 9539 9647 10426 10534 10642 10858 11075 11183 11291 11399 11507 11728 11836 11944 12161 12269 12377 12485 12847 12955 13063 13171 13279 13387 13495 13603 13711 13850 13958 14066 15390
2404
2478
598
14285
2428
981 1141 1333 1441 1659 1767 1875 1983 3686 3885 3993 4199 4415 4523 4631 4739 4847 4955 5063 5279 5449 6653 6761 7087 7659 7767 7875 8092 8262 8370 8478 8695 8803 8911 9019 9232 9405 9513 9621 10400 10508 10616 10832 11049 11157 11265 11373 11481 11702 11810 11918 12135 12243 12351 12459 12821 12929 13037 13145 13253 13361 13469 13577 13685 13824 13932 14040 15364
258 301 302 303 304 305 306 307 308 309 310
218 219 220 221 222 223 224 226 227 229 230 231 232 233
3548
228
663
662
661
9921
5666 5670
1300
7616
3556
275 276 277 278
274
112
4365
717
3553
2385
701
114
580
3551
254
3554
9184
3552
4371
9888
3534
677
3570
10144
15266
7186
1240
259
6
5618
9740
11606
415
416
404
43
772
564
346
102
339
5817
5548
754
665
767 768
968
967
1052
614
667
1030
766
759
666
763
872
762
1081
947
906
785
623
235 239
4322
1108
649
252
188
1120
1114 1115 1116
1126
615
1106
627 628 629 630 631 634 638 640 641 642 643 644 645 646
263
639
67
1098
1095
681
845
770
1097
943
1096
616
494
348
108 109 111
321
3549
12
3550
1131
673
672
676
675
184
1099
621
784
62
577
969
764
761
59
61
91
617
552
841
243
557
99
1118
840
1119
95
1016
3
756
755
253
1117
626
89
189
489
76
651
60
319
7248
96
655
10
1029
248
578
68
2
618
191
34
90
54
836
537
56
8
478
610
5886
607
70
2734
73
14321
65
100
66
75
242
42
579
98
41
72
69
14
1
750
818
5860
169
4137
245
262
356
495
826
523
4345
726
746
2540
738
757
776
11651
11594
15606
5208 10761
765
15579
2497
2502
15704
5881
6614
4378
599
7630
7621
9201
11655
15514
636
2454
950
1071
353
2719
798
244
550
958
15
745
15510
788
810
77
2712
2519 2520
2521
7243
1104
3785
4383
3840 3841
7241 7242
3872
4123
9342
9934
9331
9979
11581
11580
1110 1113
572
773
9338
138
830
118
4105 13797
122 124
9213
146
37
1643
7240
2718
2566
10355
15618
5269 10822
5862
40
5828
9211
2083
2082
3873
4298
4302
5638
5730
15705
6641
7194
9118
15715 15716
9332
9720
13
142
106
554
565
9193
15475
11601
787
760
4376
831
2708
15463
843 844 846 847 849 850 851 852 859 861 862 865 867 868 869 870 871 873 874 876 879 883 884 885 887 888 889 890 893 894 895 896 897 898 899 901 903 904 905 911 912 913 915 916 917 918 919 920 922 923 924 925 926 927 928 930 931 932 933 934 935 936 937 938 940 941 942 945
4
5162 10715
974 1134 1326 1434 1652 1760 1868 1976 3679 3878 3986 4192 4408 4516 4624 4732 4840 4948 5056 5272 5442 6646 6754 7080 7652 7760 7868 8085 8255 8363 8471 8688 8796 8904 9012 9225 9398 9506 9614 10393 10501 10609 10825 11042 11150 11258 11366 11474 11695 11803 11911 12128 12236 12344 12452 12814 12922 13030 13138 13246 13354 13462 13570 13678 13817 13925 14033 15357
4360
985 1145 1337 1445 1663 1771 1879 1987 3690 3889 3997 4203 4419 4527 4635 4743 4851 4959 5067 5283 5453 6657 6765 7091 7663 7771 7879 8096 8266 8374 8482 8699 8807 8915 9023 9236 9409 9517 9625 10404 10512 10620 10836 11053 11161 11269 11377 11485 11706 11814 11922 12139 12247 12355 12463 12825 12933 13041 13149 13257 13365 13473 13581 13689 13828 13936 14044 15368
3562
1647
4308
1314
10260
848
3568
2137 6860 6969 7974 8577 9779 10034 10931 12017 12558 12703 14139
10258
4375 4384 4385
854
2354 5378 5409 8191 8222
2398
2487
2495
1070
875 914
4403 4404
4377
4402
5723 5724
5740 5805
7222
7629
7631
10143
10257
10261
10314
15645
17
4299
993 1153 1345 1453 1671 1779 1887 1995 3698 3897 4005 4211 4427 4535 4643 4751 4859 4967 5075 5291 5461 6665 6773 7099 7671 7779 7887 8104 8274 8382 8490 8707 8815 8923 9031 9244 9417 9525 9633 10412 10520 10628 10844 11061 11169 11277 11385 11493 11714 11822 11930 12147 12255 12363 12471 12833 12941 13049 13157 13265 13373 13481 13589 13697 13836 13944 14052 15376
2466
20
24
3537
83
1047 1203 1395 1503 1721 1829 1937 2045 3748 3947 4055 4261 4477 4585 4693 4801 4909 5017 5125 5341 5511 6715 6823 7149 7721 7829 7937 8154 8324 8432 8540 8757 8865 8973 9081 9294 9467 9575 9683 10462 10570 10678 10894 11111 11219 11327 11435 11543 11764 11872 11980 12197 12305 12413 12521 12883 12991 13099 13207 13315 13423 13531 13639 13747 13886 13994 14102 15426
4176
103
129
566
10329
2472
567 569
568
183
186
555
4106 13798
774
2099
5735
15207
979 1139 1331 1439 1657 1765 1873 1981 3684 3883 3991 4197 4413 4521 4629 4737 4845 4953 5061 5277 5447 6651 6759 7085 7657 7765 7873 8090 8260 8368 8476 8693 8801 8909 9017 9230 9403 9511 9619 10398 10506 10614 10830 11047 11155 11263 11371 11479 11700 11808 11916 12133 12241 12349 12457 12819 12927 13035 13143 13251 13359 13467 13575 13683 13822 13930 14038 15362
2257
9186
3827
2690
2563
15279
2254
581
2266
9943
2536
9754
908
2538
4166
63
6605
15203
11658
9937
2401
3792
15560 15592 15612
9895
2399
5786
4178
5793
857
2458
2465
2514
3789
15681
2460
15211
5879
2469
14252
2503
15271
910
2676
5873
2728
15275
1050
2681
860
3795
4373
14255
9910
866
5746
5777
882
5871
5824
11633
907
15199
11587
11648
12667
647
15678
15679
5550
19
21
135 144
145
15472
15470
212
64
5744
1252
261
3541
326
496
497
15634
197
518
802
12679
9362 9363 9364 9366
803
12671
10274
7203
9335
10266
2532
880
5858
5822
5827
886
9136
7197
7211
7193
900
1048
9933
10029
14259
14300
15200
15228
624
637
1109
199
196
5750
15701
10290
80
556
10288 10289
4125
15694
148 153
181
208
198
201
601
583
585
597
5733
680
771
2115
808
15310
15269
15489
650
2251
5232 10785
9903
336
1260
14257
4098 13790
9983
2523
15488
3787
4139
4141
5652
5760
5818
5841
6600
1107
9734
9904
10028
11586
79
1112
15239
14311 14312 14313
15240
15263
1121
15286
949
15689
15693
15688
86
600
9975 9978
3845 3846 3847
15280 15281 15283 15285
1288
15204
574
814
5564
236
3802
250
9729
10324
10333
1244
3801
337
10321
1245
15247
9727
15234
9755
10268
9994
15471 15473
2471
15760
15284
15352
9777
7640 7641 7642 7643 7644 7645 7646
2474
5816
3793
5554
4303
300
4327
4369
4342
5567
5580
10277
5764
5765
5773
15699
10331
9725
5820
5829
9721
10015
10262
10332
10334
14248
15209
15201
15267
15276
15277
619
1028
15706
15748
18
55
14271
671
5771
15205 15230
15650
33
5778
35
12677
2261
5776
15202
52
15255 15256 15257
57
490
954
988 1148 1340 1448 1666 1774 1882 1990 3693 3892 4000 4206 4422 4530 4638 4746 4854 4962 5070 5286 5456 6660 6768 7094 7666 7774 7882 8099 8269 8377 8485 8702 8810 8918 9026 9239 9412 9520 9628 10407 10515 10623 10839 11056 11164 11272 11380 11488 11709 11817 11925 12142 12250 12358 12466 12828 12936 13044 13152 13260 13368 13476 13584 13692 13831 13939 14047 15371
991 1151 1343 1451 1669 1777 1885 1993 3696 3895 4003 4209 4425 4533 4641 4749 4857 4965 5073 5289 5459 6663 6771 7097 7669 7777 7885 8102 8272 8380 8488 8705 8813 8921 9029 9242 9415 9523 9631 10410 10518 10626 10842 11059 11167 11275 11383 11491 11712 11820 11928 12145 12253 12361 12469 12831 12939 13047 13155 13263 13371 13479 13587 13695 13834 13942 14050 15374
1282
9751
10326
12700
7212
1281
5769
7189
4107 13799
5570
3790
3812
5701
3852
4305
7191
4307
5556
5617
5649
5707
14251
5734
5741
5736
9130
6593
7234
7235
7196
7236
7195
7192
7216
127
97
9126
87
88
9210
9124 9148
9129
9182
9217
9218
9746
9936
10325
12701
9898
9968
9969
12682
12697
14275
14277
15208
519 522
3799
15669 15673 15674 15675
15718 15719 15720 15721
7204 7205 7206 7207 7209 7210
2711
2467
53
14274 14276
2301
2475
2700
5599
2463 2476
7187
174
560 562 2696
4349
2477
797
5211 10764
5594
237
238
9133
5555
5882
15323
1250
15672
14299
5601
15670
7208
9162
4348
3828
3839
9759
2709 2710
2511
3830 3833
2513
613
3832
3842
4304
4313
4346
5557
5655
5641
5878
7202
9135
10153
10208
14253
14293
14301
835
1127 1128 1129 1130
39
10196
807
483
561
795
10199
984 1144 1336 1444 1662 1770 1878 1986 3689 3888 3996 4202 4418 4526 4634 4742 4850 4958 5066 5282 5452 6656 6764 7090 7662 7770 7878 8095 8265 8373 8481 8698 8806 8914 9022 9235 9408 9516 9624 10403 10511 10619 10835 11052 11160 11268 11376 11484 11705 11813 11921 12138 12246 12354 12462 12824 12932 13040 13148 13256 13364 13472 13580 13688 13827 13935 14043 15367
479
9930
5262 10815
9127
9178
38
15248
9174
9970
1279
805 806
809
9172
987 1147 1339 1447 1665 1773 1881 1989 3692 3891 3999 4205 4421 4529 4637 4745 4853 4961 5069 5285 5455 6659 6767 7093 7665 7773 7881 8098 8268 8376 8484 8701 8809 8917 9025 9238 9411 9519 9627 10406 10514 10622 10838 11055 11163 11271 11379 11487 11708 11816 11924 12141 12249 12357 12465 12827 12935 13043 13151 13259 13367 13475 13583 13691 13830 13938 14046 15370
1273
10195
9214
1285
2453
1312
9125
1319 1322
9168
1320
1321
1323
612
2677
14254
15229
4355
15251
15249 15250
9175 9176
5596 5598
5597
5685
5553
5568
5687
5743
5811 5815
5812
5814
5825
5837
5865
9131
335
9927 9931
10197
9932
9216 9219 9220
11
9928
10193
14256
14310
14314
5
7
9
185
30
9752
27
28 29
48
9997
51
311 312 313
720
2384 5408 5439 8221 8252
314
5819
2114
315
714
1013 1173 1365 1473 1691 1799 1907 2015 3718 3917 4025 4231 4447 4555 4663 4771 4879 4987 5095 5311 5481 6685 6793 7119 7691 7799 7907 8124 8294 8402 8510 8727 8835 8943 9051 9264 9437 9545 9653 10432 10540 10648 10864 11081 11189 11297 11405 11513 11734 11842 11950 12167 12275 12383 12491 12853 12961 13069 13177 13285 13393 13501 13609 13717 13856 13964 14072 15396
50
58
14249
794
10206
12688
15697
12690
7188
9120
9889
10316
15268
659
15351
9747
9749
9723
10204
11685
15636
217
110 113
71
654
1039 1195 1387 1495 1713 1821 1929 2037 3740 3939 4047 4253 4469 4577 4685 4793 4901 5009 5117 5333 5503 6707 6815 7141 7713 7821 7929 8146 8316 8424 8532 8749 8857 8965 9073 9286 9459 9567 9675 10454 10562 10670 10886 11103 11211 11319 11427 11535 11756 11864 11972 12189 12297 12405 12513 12875 12983 13091 13199 13307 13415 13523 13631 13739 13878 13986 14094 15418
1008 1168 1360 1468 1686 1794 1902 2010 3713 3912 4020 4226 4442 4550 4658 4766 4874 4982 5090 5306 5476 6680 6788 7114 7686 7794 7902 8119 8289 8397 8505 8722 8830 8938 9046 9259 9432 9540 9648 10427 10535 10643 10859 11076 11184 11292 11400 11508 11729 11837 11945 12162 12270 12378 12486 12848 12956 13064 13172 13280 13388 13496 13604 13712 13851 13959 14067 15391
791
796
15646
2701 2702 2703
1036 1192 1384 1492 1710 1818 1926 2034 3737 3936 4044 4250 4466 4574 4682 4790 4898 5006 5114 5330 5500 6704 6812 7138 7710 7818 7926 8143 8313 8421 8529 8746 8854 8962 9070 9283 9456 9564 9672 10451 10559 10667 10883 11100 11208 11316 11424 11532 11753 11861 11969 12186 12294 12402 12510 12872 12980 13088 13196 13304 13412 13520 13628 13736 13875 13983 14091 15415
1037 1193 1385 1493 1711 1819 1927 2035 3738 3937 4045 4251 4467 4575 4683 4791 4899 5007 5115 5331 5501 6705 6813 7139 7711 7819 7927 8144 8314 8422 8530 8747 8855 8963 9071 9284 9457 9565 9673 10452 10560 10668 10884 11101 11209 11317 11425 11533 11754 11862 11970 12187 12295 12403 12511 12873 12981 13089 13197 13305 13413 13521 13629 13737 13876 13984 14092 15416
10205
5216 10769
559
2518
558
2698
3831
3835
3837
4350
5688
9166 9169
9171
10322
1111
15647
2406
115
2346
2492 2529 2548 2549 2550 2551 2552 2553 2554 2555 2556 2557 2558 2559
255 279 280 281
2493 2494
674
684
2405 2413
2408
10389
2389
2402
2407
2409
2411
2498 2499 2500 2501
664
1103
2721
881
15513
44 46 47
256 288 289 290
340 341 342 343 344 345 347 349 351 352
2464
700
45
350
126
9147
15301
728
291
9153
15297
298
584
586
9185
678
587
5737
590
6603
9150
15294
602
713
499
685
5849
1627
5749
7214
15290
14282
15298
6602
15300
2530
2403
15293
2479
2481
15295
9152
15296
2534
3848
4328
3818
5559
5703
10340
944
9179
15658
15659 15660 15667
15662
1072 1221 1413 1521 1739 1847 1955 2063 3766 3965 4073 4279 4495 4603 4711 4819 4927 5035 5143 5359 5529 6733 6841 7167 7739 7847 7955 8172 8342 8450 8558 8775 8883 8991 9099 9312 9485 9593 9701 10480 10588 10696 10912 11129 11237 11345 11453 11561 11782 11890 11998 12215 12323 12431 12539 12901 13009 13117 13225 13333 13441 13549 13657 13765 13904 14012 14120 15444
282 283 284 285 286 287
1062 1214 1406 1514 1732 1840 1948 2056 3759 3958 4066 4272 4488 4596 4704 4812 4920 5028 5136 5352 5522 6726 6834 7160 7732 7840 7948 8165 8335 8443 8551 8768 8876 8984 9092 9305 9478 9586 9694 10473 10581 10689 10905 11122 11230 11338 11446 11554 11775 11883 11991 12208 12316 12424 12532 12894 13002 13110 13218 13326 13434 13542 13650 13758 13897 14005 14113 15437
10373
588
591
592 593 594 595
712
3533
3535
9146
4372
1064 1216 1408 1516 1734 1842 1950 2058 3761 3960 4068 4274 4490 4598 4706 4814 4922 5030 5138 5354 5524 6728 6836 7162 7734 7842 7950 8167 8337 8445 8553 8770 8878 8986 9094 9307 9480 9588 9696 10475 10583 10691 10907 11124 11232 11340 11448 11556 11777 11885 11993 12210 12318 12426 12534 12896 13004 13112 13220 13328 13436 13544 13652 13760 13899 14007 14115 15439
10375
1063 1215 1407 1515 1733 1841 1949 2057 3760 3959 4067 4273 4489 4597 4705 4813 4921 5029 5137 5353 5523 6727 6835 7161 7733 7841 7949 8166 8336 8444 8552 8769 8877 8985 9093 9306 9479 9587 9695 10474 10582 10690 10906 11123 11231 11339 11447 11555 11776 11884 11992 12209 12317 12425 12533 12895 13003 13111 13219 13327 13435 13543 13651 13759 13898 14006 14114 15438
10374
4172
1066 1218 1410 1518 1736 1844 1952 2060 3763 3962 4070 4276 4492 4600 4708 4816 4924 5032 5140 5356 5526 6730 6838 7164 7736 7844 7952 8169 8339 8447 8555 8772 8880 8988 9096 9309 9482 9590 9698 10477 10585 10693 10909 11126 11234 11342 11450 11558 11779 11887 11995 12212 12320 12428 12536 12898 13006 13114 13222 13330 13438 13546 13654 13762 13901 14009 14117 15441
10376
6601
9183
5613
5847
5758
5839
5840
5843
5844
5845
5851
6604
3555
264 273
10336 10344
1003 1163 1355 1463 1681 1789 1897 2005 3708 3907 4015 4221 4437 4545 4653 4761 4869 4977 5085 5301 5471 6675 6783 7109 7681 7789 7897 8114 8284 8392 8500 8717 8825 8933 9041 9254 9427 9535 9643 10422 10530 10638 10854 11071 11179 11287 11395 11503 11724 11832 11940 12157 12265 12373 12481 12843 12951 13059 13167 13275 13383 13491 13599 13707 13846 13954 14062 15386
292 293 294 295 296 297
265 266 267 268 269 270 271 272
14279
10337
2270
257
548
14281
10339
2273
2258
3536
14278
9914
2269
1567 1572
14280
10338
2272
4146
1570
4140
11608
14284
10342
1101
1094
9922
11599
1069
604
605
606
608
620
704
706
1054
2246
2452
5261 10814
78
225
12674
9339
4099 13791
9986
9375
959
9911
9918
9913 9924
9915
9916
9917
9919
9949
9952
9953
9954
9955
9956
9959
9966
5667
5668
5669
5672
5673
5674
5675
5676
5702 5704
5705 5719 5720 5721 5722
5706
9726
7225
7617 7618 7619 7620
7622
7623
7624
7625
7626
7628
7632 7633 7634
15563 15572 15582 15591 15594 15595 15596 15597
318
107 116 133 136 139 140 175 176 177 178 179 180
170 172 173
125
171
4306
4323
4336
4366 4392 4394 4395 4396 4397 4398 4399
4367 4368 4393
4370
4374
4386
683
688 690 694 696 697 698 718 722 723
689 693 695
691
692
710
719
751
15525
15526
15529 15530 15532 15553 15557 15558 15601 15603 15609
15604
856
2387
2416
2390
2392
2393
2396
2400
2415
2417
2425 2426
2427
2432
2433
2434
2436
2437
2441
2442
2449
2455
703
721
128
162
134
207
12692
15512 15570 15571 15573 15574 15575 15576 15577 15578 15581 15583 15584
15564
15567
571 573
632 633
752
15524 15534 15535 15536 15537 15543 15545 15546 15548 15549 15552 15554 15562 15598 15599 15600 15611
15555
241
9143
9144
5588
5589
9192
9188
5663
635 15523 15533 15538 15541 15547 15550 15551 15556 15561 15585 15586 15587 15588 15589 15590 15593 15602 15607 15608 15610
15605
4325
4333
4335
9900
9963 9964 9965
9894
9896
9902
9899 9948
9901
9909
9908
9929
9945
9971
9972
9974
3531
3532
2682
3539
3540
679
732
705
709
729 730
3569
3571
3572
3574
3575
3576
3577
3578
3605
3580
3581
3582
3583
3584
3585
3587
3588
3589
3590
3600
3604
3610
3611
3613
3617
3624
3629
3630
3632
3635
3640
3662 3663 3664
3651
3652
3653
3655
3658
3665
10145
10146
10147
10148
10151
10152
10154
10155
10156
10184
10158
10159
10160
10161
10162
10164
10166
10167
10168
10169
10179
10183
10189
10190
10192
10203
10209
10214
10215
10217
10220
10225
10247 10248 10249
10236
10237
10238
10240
10243
10250
15270
15272
15273
15274
15346 15347 15348
15288
15289 15291
15292
15303
15309
15311
15313
15314 15315
15316
15317
15319
15324 15325 15326
15333
15334
15335
15337
15338
15341
15342
15349
15353
1122
7190
7198
7199
7200
7213
7217
7232
7237
7244
7246
7613 7614 7615
7627
7636 7637 7638
7639
1253
1316
1243
1246
1247
1248
1249
1254
1255
1256
1258
1277
1272
1274
1278
1280
1284
1286
1287
1289
1290
1292 1294
1301
1302
1303
1304
1306
1307 1308 1309
1310
1315
1317
952
3567
1123 1124 1125
2735
15698
15198
15496
15623
5643
5644
5645
5657
5651
5648
5650
5662
5661
5664
5665
5686 5689
5691
5692
5693
5694 5695
5696
5697
5698 5699 5700
5708
5709
5710
5711
5714
5715 5716 5717
5718
5727
5728
625
9735 9744
9736
1263
9738
9739
9742
9745
9731
9732
9764
9765
9766
9767
9769
9774
11603
11598
11602 11610
11604
11605
11611
11679
11680
11681
11630
11683
11686
11690
417
418 419 420 421 422 423 424 425 426 427 428 429 430 431 432 433 434 435 436 437 438 439 440 441 442 443 444 445 446 447 448 449 450 451 452 453 454 455 456 457 458 459 460 461 462 463 464 465 466 467 468 469 470 471 472 473 474 475 476 477
354 355 357 358 359 360 361 362 363 364 365 366 367 368 369 370 371 372 373 374 375 376 377 378 379 380 381 382 383 384 385 386 387 388 389 390 391 392 393 394 395 396 397 398 399 400 401 402 403 405 406 407 409 410 411 412 413
92
15743
210
195
205
15737
485
15746
299
15703
687
12686
2565
4405
5565
5653
5857
9973
15761
15714
15757
15758
563
14250
14270 14287 14288 14309 14320 15171 15172 15174 15176
14260
14272
14273
14294
14297
14296
14307
14302
14303 14304
14305
14306
14308
14316
15168 15169 15170
15175
15180
15181
15182
15184
15185
15188
15189
15196
15206
15231 15232 15233
150
5826 5832
6596
5831
5833
5838
5842
6597 6598 6599
5859
5863 5864
5866
5867
5868
5870
5875
6594 6595
6607
6608
6612
6631 6632
5549
5561
5563
5560
5562
5574
5615 5630 5631 5632 5633
5575
5576
5577
5578
5581
5603
5604
5605 5606
5607
5608
5609 5610 5611
5612 5614
5616
5619
5620
5621
5622
5625
5626 5627 5628
5629
5634 5635
5639
5671
753
4356
1614
2252
1092
4127
9724
9912
668 669 670
15504 15505 15506 15507
775
804
9177
5823
4110 13802
10280
5249 10802
3538
9351
15635
11614
786
5253 10806
3542
622
4321
4320
4353
4388 4389 4390
4391
648
249
2674
2675
2707
3560
2720
3526
2683
682
707 708
725
1241
1242
1259
15173
15245
15246
3547
119
539
652
15613 15614
9197
735
736
15511
15508
81
82
84
408
909
863 939
902
951
11642
15519 15520 15521
15522
986 1146 1338 1446 1664 1772 1880 1988 3691 3890 3998 4204 4420 4528 4636 4744 4852 4960 5068 5284 5454 6658 6766 7092 7664 7772 7880 8097 8267 8375 8483 8700 8808 8916 9024 9237 9410 9518 9626 10405 10513 10621 10837 11054 11162 11270 11378 11486 11707 11815 11923 12140 12248 12356 12464 12826 12934 13042 13150 13258 13366 13474 13582 13690 13829 13937 14045 15369
9215
699
733
734
737
187
192
2684
656
36
657
12680
15210
15494
15677
15727
575
576
1639
839
1041 1197 1389 1497 1715 1823 1931 2039 3742 3941 4049 4255 4471 4579 4687 4795 4903 5011 5119 5335 5505 6709 6817 7143 7715 7823 7931 8148 8318 8426 8534 8751 8859 8967 9075 9288 9461 9569 9677 10456 10564 10672 10888 11105 11213 11321 11429 11537 11758 11866 11974 12191 12299 12407 12515 12877 12985 13093 13201 13309 13417 13525 13633 13741 13880 13988 14096 15420
971
2723
3634
10219
838
955
498
816
15686
15695
15638
553
2535
15661
15668
15671
2697
793
2699
5809
15759 15762 15763
11645
11600
94
711
10191
15690
2693
1017 1176 1368 1476 1694 1802 1910 2018 3721 3920 4028 4234 4450 4558 4666 4774 4882 4990 5098 5314 5484 6688 6796 7122 7694 7802 7910 8127 8297 8405 8513 8730 8838 8946 9054 9267 9440 9548 9656 10435 10543 10651 10867 11084 11192 11300 11408 11516 11737 11845 11953 12170 12278 12386 12494 12856 12964 13072 13180 13288 13396 13504 13612 13720 13859 13967 14075 15399
234
1275
4108 13800
10278
9163
15527
9181
2462
4301
9122
10275
14258
15278
10163
488
491
2374 5398 5429 8211 8242
2713
970
12691
2689
9199
492
5856
9221
15663 15664 15665
15666
15676
493
946
14317
320 322 323 324 325 327 328 329 330 331 332 333 334
338
480 481 482 484
7249 7250 7251 7252 7253 7254 7255 7256 7257 7258 7259 7260 7261 7262 7263 7264 7265 7266 7267 7268 7269 7270 7271 7272 7273 7274 7275 7276 7277 7278 7279 7280 7281 7282 7283 7284 7285 7286 7287 7288 7289 7290 7291 7292 7293 7294 7295 7296 7297 7298 7299 7300 7301 7302 7303 7304 7305 7306 7307 7308 7309 7310 7311 7312 7313 7314 7315 7316 7317 7318 7319 7320 7321 7322 7323 7324 7325 7326 7327 7328 7329 7330 7331 7332 7333 7334 7335 7336 7337 7338 7339 7340 7341 7342 7343 7344 7345 7346 7347 7348 7349 7350 7351 7352 7353 7354 7355 7356 7357 7358 7359 7360 7361 7362 7363 7364 7365 7366 7367 7368 7369 7370 7371 7372 7373 7374 7375 7376 7377 7378 7379 7380 7381 7382 7383 7384 7385 7386 7387 7388 7389 7390 7391 7392 7393 7394 7395 7396 7397 7398 7399 7400 7401 7402 7403 7404 7405 7406 7407 7408 7409 7410 7411 7412 7413 7414 7415 7416 7417 7418 7419 7420 7421 7422 7423 7424 7425 7426 7427 7428 7429 7430 7431 7432 7433 7434 7435 7436 7437 7438 7439 7440 7441 7442 7443 7444 7445 7446 7447 7448 7449 7450 7451 7452 7453 7454 7455 7456 7457 7458 7459 7460 7461 7462 7463 7464 7465 7466 7467 7468 7469 7470 7471 7472 7473 7474 7475 7476 7477 7478 7479 7480 7481 7482 7483 7484 7485 7486 7487 7488 7489 7490 7491 7492 7493 7494 7495 7496 7497 7498 7499 7500 7501 7502 7503 7504 7505 7506 7507 7508 7509 7510 7511 7512 7513 7514 7515 7516 7517 7518 7519 7520 7521 7522 7523 7524 7525 7526 7527 7528 7529 7530 7531 7532 7533 7534 7535 7536 7537 7538 7539 7540 7541 7542 7543 7544 7545 7546 7547 7548 7549 7550 7551 7552 7553 7554 7555 7556 7557 7558 7559 7560 7561 7562 7563 7564 7565 7566 7567 7568 7569 7570 7571 7572 7573 7574 7575 7576 7577 7578 7579 7580 7581 7582 7583 7584 7585 7586 7587 7588 7589 7590 7591 7592 7593 7594 7595 7596 7597 7598 7599 7600 7601 7602 7603 7604 7605 7606 7607 7608 7609 7610 7611 7612
727
4100 13792
2394
2468
3794
3834
10270
5558
5647
5768
9128
9939
10017
14295
4097 13789
2391
3791
10267
4347
5772
9748
10014
15478
15261
1623
2461
9121
15509
609
15501
956
1318
5810
5846
15497 15498 15499 15500 15502
240
10212
5779
9757
15740 15742 15751
202
1257
2247
2397
2482
3797
9991
4309
5748
5830
9344
9890
15626 15627 15628 15629 15630 15631 15633
15632
15745
487
589
5201 10754
5254 10807
9750
3543
5260 10813
1311
2344
2345
6640
15619
15625
953
2451
2562
3796
10388
15683
15692
538 540 541 542 543 544 545 546 547
9776
12699
2280
2334
5623
5887 5888 5889 5890 5891 5892 5893 5894 5895 5896 5897 5898 5899 5900 5901 5902 5903 5904 5905 5906 5907 5908 5909 5910 5911 5912 5913 5914 5915 5916 5917 5918 5919 5920 5921 5922 5923 5924 5925 5926 5927 5928 5929 5930 5931 5932 5933 5934 5935 5936 5937 5938 5939 5940 5941 5942 5943 5944 5945 5946 5947 5948 5949 5950 5951 5952 5953 5954 5955 5956 5957 5958 5959 5960 5961 5962 5963 5964 5965 5966 5967 5968 5969 5970 5971 5972 5973 5974 5975 5976 5977 5978 5979 5980 5981 5982 5983 5984 5985 5986 5987 5988 5989 5990 5991 5992 5993 5994 5995 5996 5997 5998 5999 6000 6001 6002 6003 6004 6005 6006 6007 6008 6009 6010 6011 6012 6013 6014 6015 6016 6017 6018 6019 6020 6021 6022 6023 6024 6025 6026 6027 6028 6029 6030 6031 6032 6033 6034 6035 6036 6037 6038 6039 6040 6041 6042 6043 6044 6045 6046 6047 6048 6049 6050 6051 6052 6053 6054 6055 6056 6057 6058 6059 6060 6061 6062 6063 6064 6065 6066 6067 6068 6069 6070 6071 6072 6073 6074 6075 6076 6077 6078 6079 6080 6081 6082 6083 6084 6085 6086 6087 6088 6089 6090 6091 6092 6093 6094 6095 6096 6097 6098 6099 6100 6101 6102 6103 6104 6105 6106 6107 6108 6109 6110 6111 6112 6113 6114 6115 6116 6117 6118 6119 6120 6121 6122 6123 6124 6125 6126 6127 6128 6129 6130 6131 6132 6133 6134 6135 6136 6137 6138 6139 6140 6141 6142 6143 6144 6145 6146 6147 6148 6149 6150 6151 6152 6153 6154 6155 6156 6157 6158 6159 6160 6161 6162 6163 6164 6165 6166 6167 6168 6169 6170 6171 6172 6173 6174 6175 6176 6177 6178 6179 6180 6181 6182 6183 6184 6185 6186 6187 6188 6189 6190 6191 6192 6193 6194 6195 6196 6197 6198 6199 6200 6201 6202 6203 6204 6205 6206 6207 6208 6209 6210 6211 6212 6213 6214 6215 6216 6217 6218 6219 6220 6221 6222 6223 6224 6225 6226 6227 6228 6229 6230 6231 6232 6233 6234 6235 6236 6237 6238 6239 6240 6241 6242 6243 6244 6245 6246 6247 6248 6249 6250 6251 6252 6253 6254 6255 6256 6257 6258 6259 6260 6261 6262 6263 6264 6265 6266 6267 6268 6269 6270 6271 6272 6273 6274 6275 6276 6277 6278 6279 6280 6281 6282 6283 6284 6285 6286 6287 6288 6289 6290 6291 6292 6293 6294 6295 6296 6297 6298 6299 6300 6301 6302 6303 6304 6305 6306 6307 6308 6309 6310 6311 6312 6313 6314 6315 6316 6317 6318 6319 6320 6321 6322 6323 6324 6325 6326 6327 6328 6329 6330 6331 6332 6333 6334 6335 6336 6337 6338 6339 6340 6341 6342 6343 6344 6345 6346 6347 6348 6349 6350 6351 6352 6353 6354 6355 6356 6357 6358 6359 6360 6361 6362 6363 6364 6365 6366 6367 6368 6369 6370 6371 6372 6373 6374 6375 6376 6377 6378 6379 6380 6381 6382 6383 6384 6385 6386 6387 6388 6389 6390 6391 6392 6393 6394 6395 6396 6397 6398 6399 6400 6401 6402 6403 6404 6405 6406 6407 6408 6409 6410 6411 6412 6413 6414 6415 6416 6417 6418 6419 6420 6421 6422 6423 6424 6425 6426 6427 6428 6429 6430 6431 6432 6433 6434 6435 6436 6437 6438 6439 6440 6441 6442 6443 6444 6445 6446 6447 6448 6449 6450 6451 6452 6453 6454 6455 6456 6457 6458 6459 6460 6461 6462 6463 6464 6465 6466 6467 6468 6469 6470 6471 6472 6473 6474 6475 6476 6477 6478 6479 6480 6481 6482 6483 6484 6485 6486 6487 6488 6489 6490 6491 6492 6493 6494 6495 6496 6497 6498 6499 6500 6501 6502 6503 6504 6505 6506 6507 6508 6509 6510 6511 6512 6513 6514 6515 6516 6517 6518 6519 6520 6521 6522 6523 6524 6525 6526 6527 6528 6529 6530 6531 6532 6533 6534 6535 6536 6537 6538 6539 6540 6541 6542 6543 6544 6545 6546 6547 6548 6549 6550 6551 6552 6553 6554 6555 6556 6557 6558 6559 6560 6561 6562 6563 6564 6565 6566 6567 6568 6569 6570 6571 6572 6573 6574 6575 6576 6577 6578 6579 6580 6581 6582 6583 6584 6585 6586 6587 6588 6589 6590 6591 6592
4311
9753
2733
2736 2737 2738 2739 2740 2741 2742 2743 2744 2745 2746 2747 2748 2749 2750 2751 2752 2753 2754 2755 2756 2757 2758 2759 2760 2761 2762 2763 2764 2765 2766 2767 2768 2769 2770 2771 2772 2773 2774 2775 2776 2777 2778 2779 2780 2781 2782 2783 2784 2785 2786 2787 2788 2789 2790 2791 2792 2793 2794 2795 2796 2797 2798 2799 2800 2801 2802 2803 2804 2805 2806 2807 2808 2809 2810 2811 2812 2813 2814 2815 2816 2817 2818 2819 2820 2821 2822 2823 2824 2825 2826 2827 2828 2829 2830 2831 2832 2833 2834 2835 2836 2837 2838 2839 2840 2841 2842 2843 2844 2845 2846 2847 2848 2849 2850 2851 2852 2853 2854 2855 2856 2857 2858 2859 2860 2861 2862 2863 2864 2865 2866 2867 2868 2869 2870 2871 2872 2873 2874 2875 2876 2877 2878 2879 2880 2881 2882 2883 2884 2885 2886 2887 2888 2889 2890 2891 2892 2893 2894 2895 2896 2897 2898 2899 2900 2901 2902 2903 2904 2905 2906 2907 2908 2909 2910 2911 2912 2913 2914 2915 2916 2917 2918 2919 2920 2921 2922 2923 2924 2925 2926 2927 2928 2929 2930 2931 2932 2933 2934 2935 2936 2937 2938 2939 2940 2941 2942 2943 2944 2945 2946 2947 2948 2949 2950 2951 2952 2953 2954 2955 2956 2957 2958 2959 2960 2961 2962 2963 2964 2965 2966 2967 2968 2969 2970 2971 2972 2973 2974 2975 2976 2977 2978 2979 2980 2981 2982 2983 2984 2985 2986 2987 2988 2989 2990 2991 2992 2993 2994 2995 2996 2997 2998 2999 3000 3001 3002 3003 3004 3005 3006 3007 3008 3009 3010 3011 3012 3013 3014 3015 3016 3017 3018 3019 3020 3021 3022 3023 3024 3025 3026 3027 3028 3029 3030 3031 3032 3033 3034 3035 3036 3037 3038 3039 3040 3041 3042 3043 3044 3045 3046 3047 3048 3049 3050 3051 3052 3053 3054 3055 3056 3057 3058 3059 3060 3061 3062 3063 3064 3065 3066 3067 3068 3069 3070 3071 3072 3073 3074 3075 3076 3077 3078 3079 3080 3081 3082 3083 3084 3085 3086 3087 3088 3089 3090 3091 3092 3093 3094 3095 3096 3097 3098 3099 3100 3101 3102 3103 3104 3105 3106 3107 3108 3109 3110 3111 3112 3113 3114 3115 3116 3117 3118 3119 3120 3121 3122 3123 3124 3125 3126 3127 3128 3129 3130 3131 3132 3133 3134 3135 3136 3137 3138 3139 3140 3141 3142 3143 3144 3145 3146 3147 3148 3149 3150 3151 3152 3153 3154 3155 3156 3157 3158 3159 3160 3161 3162 3163 3164 3165 3166 3167 3168 3169 3170 3171 3172 3173 3174 3175 3176 3177 3178 3179 3180 3181 3182 3183 3184 3185 3186 3187 3188 3189 3190 3191 3192 3193 3194 3195 3196 3197 3198 3199 3200 3201 3202 3203 3204 3205 3206 3207 3208 3209 3210 3211 3212 3213 3214 3215 3216 3217 3218 3219 3220 3221 3222 3223 3224 3225 3226 3227 3228 3229 3230 3231 3232 3233 3234 3235 3236 3237 3238 3239 3240 3241 3242 3243 3244 3245 3246 3247 3248 3249 3250 3251 3252 3253 3254 3255 3256 3257 3258 3259 3260 3261 3262 3263 3264 3265 3266 3267 3268 3269 3270 3271 3272 3273 3274 3275 3276 3277 3278 3279 3280 3281 3282 3283 3284 3285 3286 3287 3288 3289 3290 3291 3292 3293 3294 3295 3296 3297 3298 3299 3300 3301 3302 3303 3304 3305 3306 3307 3308 3309 3310 3311 3312 3313 3314 3315 3316 3317 3318 3319 3320 3321 3322 3323 3324 3325 3326 3327 3328 3329 3330 3331 3332 3333 3334 3335 3336 3337 3338 3339 3340 3341 3342 3343 3344 3345 3346 3347 3348 3349 3350 3351 3352 3353 3354 3355 3356 3357 3358 3359 3360 3361 3362 3363 3364 3365 3366 3367 3368 3369 3370 3371 3372 3373 3374 3375 3376 3377 3378 3379 3380 3381 3382 3383 3384 3385 3386 3387 3388 3389 3390 3391 3392 3393 3394 3395 3396 3397 3398 3399 3400 3401 3402 3403 3404 3405 3406 3407 3408 3409 3410 3411 3412 3413 3414 3415 3416 3417 3418 3419 3420 3421 3422 3423 3424 3425 3426 3427 3428 3429 3430 3431 3432 3433 3434 3435 3436 3437 3438 3439 3440 3441 3442 3443 3444 3445 3446 3447 3448 3449 3450 3451 3452 3453 3454 3455 3456 3457 3458 3459 3460 3461 3462 3463 3464 3465 3466 3467 3468 3469 3470 3471 3472 3473 3474 3475 3476 3477 3478 3479 3480 3481 3482 3483 3484 3485 3486 3487 3488 3489 3490 3491 3492 3493 3494 3495 3496 3497 3498 3499 3500 3501 3502 3503 3504 3505 3506 3507 3508 3509 3510 3511 3512 3513 3514 3515 3516 3517 3518 3519 3520 3521 3522 3523 3524 3525
15559
15565 15568 15569
14322 14323 14324 14325 14326 14327 14328 14329 14330 14331 14332 14333 14334 14335 14336 14337 14338 14339 14340 14341 14342 14343 14344 14345 14346 14347 14348 14349 14350 14351 14352 14353 14354 14355 14356 14357 14358 14359 14360 14361 14362 14363 14364 14365 14366 14367 14368 14369 14370 14371 14372 14373 14374 14375 14376 14377 14378 14379 14380 14381 14382 14383 14384 14385 14386 14387 14388 14389 14390 14391 14392 14393 14394 14395 14396 14397 14398 14399 14400 14401 14402 14403 14404 14405 14406 14407 14408 14409 14410 14411 14412 14413 14414 14415 14416 14417 14418 14419 14420 14421 14422 14423 14424 14425 14426 14427 14428 14429 14430 14431 14432 14433 14434 14435 14436 14437 14438 14439 14440 14441 14442 14443 14444 14445 14446 14447 14448 14449 14450 14451 14452 14453 14454 14455 14456 14457 14458 14459 14460 14461 14462 14463 14464 14465 14466 14467 14468 14469 14470 14471 14472 14473 14474 14475 14476 14477 14478 14479 14480 14481 14482 14483 14484 14485 14486 14487 14488 14489 14490 14491 14492 14493 14494 14495 14496 14497 14498 14499 14500 14501 14502 14503 14504 14505 14506 14507 14508 14509 14510 14511 14512 14513 14514 14515 14516 14517 14518 14519 14520 14521 14522 14523 14524 14525 14526 14527 14528 14529 14530 14531 14532 14533 14534 14535 14536 14537 14538 14539 14540 14541 14542 14543 14544 14545 14546 14547 14548 14549 14550 14551 14552 14553 14554 14555 14556 14557 14558 14559 14560 14561 14562 14563 14564 14565 14566 14567 14568 14569 14570 14571 14572 14573 14574 14575 14576 14577 14578 14579 14580 14581 14582 14583 14584 14585 14586 14587 14588 14589 14590 14591 14592 14593 14594 14595 14596 14597 14598 14599 14600 14601 14602 14603 14604 14605 14606 14607 14608 14609 14610 14611 14612 14613 14614 14615 14616 14617 14618 14619 14620 14621 14622 14623 14624 14625 14626 14627 14628 14629 14630 14631 14632 14633 14634 14635 14636 14637 14638 14639 14640 14641 14642 14643 14644 14645 14646 14647 14648 14649 14650 14651 14652 14653 14654 14655 14656 14657 14658 14659 14660 14661 14662 14663 14664 14665 14666 14667 14668 14669 14670 14671 14672 14673 14674 14675 14676 14677 14678 14679 14680 14681 14682 14683 14684 14685 14686 14687 14688 14689 14690 14691 14692 14693 14694 14695 14696 14697 14698 14699 14700 14701 14702 14703 14704 14705 14706 14707 14708 14709 14710 14711 14712 14713 14714 14715 14716 14717 14718 14719 14720 14721 14722 14723 14724 14725 14726 14727 14728 14729 14730 14731 14732 14733 14734 14735 14736 14737 14738 14739 14740 14741 14742 14743 14744 14745 14746 14747 14748 14749 14750 14751 14752 14753 14754 14755 14756 14757 14758 14759 14760 14761 14762 14763 14764 14765 14766 14767 14768 14769 14770 14771 14772 14773 14774 14775 14776 14777 14778 14779 14780 14781 14782 14783 14784 14785 14786 14787 14788 14789 14790 14791 14792 14793 14794 14795 14796 14797 14798 14799 14800 14801 14802 14803 14804 14805 14806 14807 14808 14809 14810 14811 14812 14813 14814 14815 14816 14817 14818 14819 14820 14821 14822 14823 14824 14825 14826 14827 14828 14829 14830 14831 14832 14833 14834 14835 14836 14837 14838 14839 14840 14841 14842 14843 14844 14845 14846 14847 14848 14849 14850 14851 14852 14853 14854 14855 14856 14857 14858 14859 14860 14861 14862 14863 14864 14865 14866 14867 14868 14869 14870 14871 14872 14873 14874 14875 14876 14877 14878 14879 14880 14881 14882 14883 14884 14885 14886 14887 14888 14889 14890 14891 14892 14893 14894 14895 14896 14897 14898 14899 14900 14901 14902 14903 14904 14905 14906 14907 14908 14909 14910 14911 14912 14913 14914 14915 14916 14917 14918 14919 14920 14921 14922 14923 14924 14925 14926 14927 14928 14929 14930 14931 14932 14933 14934 14935 14936 14937 14938 14939 14940 14941 14942 14943 14944 14945 14946 14947 14948 14949 14950 14951 14952 14953 14954 14955 14956 14957 14958 14959 14960 14961 14962 14963 14964 14965 14966 14967 14968 14969 14970 14971 14972 14973 14974 14975 14976 14977 14978 14979 14980 14981 14982 14983 14984 14985 14986 14987 14988 14989 14990 14991 14992 14993 14994 14995 14996 14997 14998 14999 15000 15001 15002 15003 15004 15005 15006 15007 15008 15009 15010 15011 15012 15013 15014 15015 15016 15017 15018 15019 15020 15021 15022 15023 15024 15025 15026 15027 15028 15029 15030 15031 15032 15033 15034 15035 15036 15037 15038 15039 15040 15041 15042 15043 15044 15045 15046 15047 15048 15049 15050 15051 15052 15053 15054 15055 15056 15057 15058 15059 15060 15061 15062 15063 15064 15065 15066 15067 15068 15069 15070 15071 15072 15073 15074 15075 15076 15077 15078 15079 15080 15081 15082 15083 15084 15085 15086 15087 15088 15089 15090 15091 15092 15093 15094 15095 15096 15097 15098 15099 15100 15101 15102 15103 15104 15105 15106 15107 15108 15109 15110 15111 15112 15113 15114 15115 15116 15117 15118 15119 15120 15121 15122 15123 15124 15125 15126 15127 15128 15129 15130 15131 15132 15133 15134 15135 15136 15137 15138 15139 15140 15141 15142 15143 15144 15145 15146 15147 15148 15149 15150 15151 15152 15153 15154 15155 15156 15157 15158 15159 15160 15161 15162 15163 15164 15165 15166 15167
611
929
2275
5690
1100
9741
2410
9155
10341
5677
5848
9149
9920
11607
14283
15299
15528 15544
5163 10716
2278
1102
9743
5731
2412
2459
10315
3573
3786
10343
11656
9892
9923
10149
11609
12669
10210
5237 10790
10230 10232 10233
5684
3829
551
789
815
832
833 837
834
990 1150 1342 1450 1668 1776 1884 1992 3695 3894 4002 4208 4424 4532 4640 4748 4856 4964 5072 5288 5458 6662 6770 7096 7668 7776 7884 8101 8271 8379 8487 8704 8812 8920 9028 9241 9414 9522 9630 10409 10517 10625 10841 11058 11166 11274 11382 11490 11711 11819 11927 12144 12252 12360 12468 12830 12938 13046 13154 13262 13370 13478 13586 13694 13833 13941 14049 15373
5573
5821
9893
11644
14298
15215 15216
15503
15726
251
2268 2279
1093
12689
9151
2489
15212
10231
1079 1228 1420 1528 1746 1854 1962 2070 3773 3972 4080 4286 4502 4610 4718 4826 4934 5042 5150 5366 5536 6740 6848 7174 7746 7854 7962 8179 8349 8457 8565 8782 8890 8998 9106 9319 9492 9600 9708 10487 10595 10703 10919 11136 11244 11352 11460 11568 11789 11897 12005 12222 12330 12438 12546 12908 13016 13124 13232 13340 13448 13556 13664 13772 13911 14019 14127 15451
3565
2533
316
653
2256
961
963
5179 10732
5219 10772
3579
9756
10157
10198
9947
10390
14318
15617
15687
15702
1293
4101 13793
2395
5785
9897
15515
15516
15517
779
1045 1201 1393 1501 1719 1827 1935 2043 3746 3945 4053 4259 4475 4583 4691 4799 4907 5015 5123 5339 5509 6713 6821 7147 7719 7827 7935 8152 8322 8430 8538 8755 8863 8971 9079 9292 9465 9573 9681 10460 10568 10676 10892 11109 11217 11325 11433 11541 11762 11870 11978 12195 12303 12411 12519 12881 12989 13097 13205 13313 13421 13529 13637 13745 13884 13992 14100 15424
1051 1053 1205 1206 1397 1398 1505 1506 1723 1724 1831 1832 1939 1940 2047 2048 3750 3751 3949 3950 4057 4058 4263 4264 4479 4480 4587 4588 4695 4696 4803 4804 4911 4912 5019 5020 5127 5128 5343 5344 5513 5514 6717 6718 6825 6826 7151 7152 7723 7724 7831 7832 7939 7940 8156 8157 8326 8327 8434 8435 8542 8543 8759 8760 8867 8868 8975 8976 9083 9084 9296 9297 9469 9470 9577 9578 9685 9686 10464 10465 10572 10573 10680 10681 10896 10897 11113 11114 11221 11222 11329 11330 11437 11438 11545 11546 11766 11767 11874 11875 11982 11983 12199 12200 12307 12308 12415 12416 12523 12524 12885 12886 12993 12994 13101 13102 13209 13210 13317 13318 13425 13426 13533 13534 13641 13642 13749 13750 13888 13889 13996 13997 14104 14105 15428 15429
1105
15467 15468
3638
3642 3643
4361
5874
7247
10223
10227 10228
15321 15322
15466
74
5566
603
964
976 1136 1328 1436 1654 1762 1870 1978 3681 3880 3988 4194 4410 4518 4626 4734 4842 4950 5058 5274 5444 6648 6756 7082 7654 7762 7870 8087 8257 8365 8473 8690 8798 8906 9014 9227 9400 9508 9616 10395 10503 10611 10827 11044 11152 11260 11368 11476 11697 11805 11913 12130 12238 12346 12454 12816 12924 13032 13140 13248 13356 13464 13572 13680 13819 13927 14035 15359
4094 13786
11615
2526 2527 2528
2522
2564
2567
4300
9222
5751
5807
5813
5872
6613 6624 6625 6626 6627 6628 6629 6630 6633 6634 6635 6636 6637 6638 6639
7201
7233
7239
9123
9180
9981
10320
10327
10328
15213
15624
5202 10755
15265
4095 13787
10222
15682
5252 10805
4093 13785
15684
3636
5770
6609 6610 6611
9935 9938
10221
15531
739 747 748 749
782
819 820 821 822 823 824 825
5861
182
4128
4133
4189
246 247
317
414
500 501 502 503 504 505 506 507 508 509 510 511 512 513 514 515 517 520 521 524
516
15484 15485 15487
15486
15490 15491
525 526 527 528 529 530 531 532 533 534 535 536
4344
4351
4352
4354
731
15479 15480 15481 15482 15483
2496
2531
2541
2560 2561
740 741 742 743 744
758 769
777 778
11626
11590
11597
11640 11641
15722 15723 15724
10202
957
15580
2491
2542
2547
15713
5884 5885
6615 6616 6617 6618 6619 6620 6621 6622 6623
4337
4387
15652
7224
7226
7635
7647 7648
9202 9203 9204 9205
11691 11692
15518
15539 15540
15620
15653 15654 15655 15657
15656
15644
15651
2688
23
25
549
15649
16
658
828
960
965
966
660
2611
780 781
783
811
812
582
948
2505 2506
2507
7231
2686
3798
3859 3860 3861
3807
3806
3808
3809
3810
3811
3813
3849 3851 3863 3864 3865 3866 3867 3868 3869 3870
3850
3853
3854
3855
3856
3858
3862
3874
4401
3824 3825
7229 7230
3875
864
4135
4154
4129
4130
4131
4132
4134
4136
4138
4153
4155
4163 4164
4165
4169
4170
4171
4173
4174
4179
4186
9345
9940
10021
10011
10012
10013
10016
10018
10019
10020 10033
10022
10023
10024
10025
10031 10032
9369
9370
9371
9372
9373
9374
9376
9377
9378
9379 9395
9381
9382
9384
9385
9386
9387 9388
9389
9390 9391 9392 9394
9393
9982
9984
9985
9987
9988
9989
9990 10008
9992
9993
9995
9996
10005 10006
10007
921
11592
11583
11584
11585
11588
11589
11591
11593
11596
11612
11613
11622 11623
11624
11625
11627
11628
11629
11631
11634
11638
11653
11646
11647
11649
11650
11652
11654
11657
11672
11673
11674 11675
11676
11677
15492
15493
15542
15700
9365
137 165 167 168
166
827
117 131 158
130
2314
4092 13784
4096 13788
4104 13796
121 123 132 155 156 157
9132
151 152
486
1014 1174 1366 1474 1692 1800 1908 2016 3719 3918 4026 4232 4448 4556 4664 4772 4880 4988 5096 5312 5482 6686 6794 7120 7692 7800 7908 8125 8295 8403 8511 8728 8836 8944 9052 9265 9438 9546 9654 10433 10541 10649 10865 11082 11190 11298 11406 11514 11735 11843 11951 12168 12276 12384 12492 12854 12962 13070 13178 13286 13394 13502 13610 13718 13857 13965 14073 15397
5265 10818
2672
858
7228
2685
2687
2705
2724
2725
2726
2568
2569
2570
2571
2572
2573
2574
2575
2576
2577
2578
2579
2580
2581
2582
2584
2585
2586
2587
2597
2601
2602
2607
2608
2610
2614
2621
2626
2627
2629
2631
2632
2633
2635
2637
2639 2640
2648
2649
2650
2652
2655
2659 2660 2661
2662
5207 10760
1542
15637
1585
1644
2350
5852
5869
6642
9173
9212
853
2084
2085
2101
2087
2088
2089
2090
2091
2092
2093
2094 2113
2095
2096
2097
2098
2100
2102
2110 2111
2112
2116
2117
2132
2119
2120
2121
2122
2123
2124
2125
2126 2136
2127
2128
2129
2130
2131
2133 2134
2135
4310
4314
4315
4316
4324
4357
4358
4359
4362 4363 4364
5640
5732
5745
5739
5742
5747
5763
5766
5767
5775
5789
5790
5791
5792
5796
5803
5808
15717
6643
9119
9134
9142
9141
9145
9189 9190 9191
9350
9336
9337
9340
9341
9343 9367
9346
9348
9349
9359 9360
9361
9722
9728
9730
9733
9771 9772 9773
10319
141
161
105
163
164
15193 15194 15195
570
15476
15477
813
817
2714
2716
14315
15464 15465
972 1132 1324 1432 1650 1758 1866 1974 3677 3876 3984 4190 4406 4514 4622 4730 4838 4946 5054 5270 5440 6644 6752 7078 7650 7758 7866 8083 8253 8361 8469 8686 8794 8902 9010 9223 9396 9504 9612 10391 10499 10607 10823 11040 11148 11256 11364 11472 11693 11801 11909 12126 12234 12342 12450 12812 12920 13028 13136 13244 13352 13460 13568 13676 13815 13923 14031 15355
973 1133 1325 1433 1651 1759 1867 1975 3678 3877 3985 4191 4407 4515 4623 4731 4839 4947 5055 5271 5441 6645 6753 7079 7651 7759 7867 8084 8254 8362 8470 8687 8795 8903 9011 9224 9397 9505 9613 10392 10500 10608 10824 11041 11149 11257 11365 11473 11694 11802 11910 12127 12235 12343 12451 12813 12921 13029 13137 13245 13353 13461 13569 13677 13816 13924 14032 15356
975 1135 1327 1435 1653 1761 1869 1977 3680 3879 3987 4193 4409 4517 4625 4733 4841 4949 5057 5273 5443 6647 6755 7081 7653 7761 7869 8086 8256 8364 8472 8689 8797 8905 9013 9226 9399 9507 9615 10394 10502 10610 10826 11043 11151 11259 11367 11475 11696 11804 11912 12129 12237 12345 12453 12815 12923 13031 13139 13247 13355 13463 13571 13679 13818 13926 14034 15358
992 1152 1344 1452 1670 1778 1886 1994 3697 3896 4004 4210 4426 4534 4642 4750 4858 4966 5074 5290 5460 6664 6772 7098 7670 7778 7886 8103 8273 8381 8489 8706 8814 8922 9030 9243 9416 9524 9632 10411 10519 10627 10843 11060 11168 11276 11384 11492 11713 11821 11929 12146 12254 12362 12470 12832 12940 13048 13156 13264 13372 13480 13588 13696 13835 13943 14051 15375
1021 1180 1372 1480 1698 1806 1914 2022 3725 3924 4032 4238 4454 4562 4670 4778 4886 4994 5102 5318 5488 6692 6800 7126 7698 7806 7914 8131 8301 8409 8517 8734 8842 8950 9058 9271 9444 9552 9660 10439 10547 10655 10871 11088 11196 11304 11412 11520 11741 11849 11957 12174 12282 12390 12498 12860 12968 13076 13184 13292 13400 13508 13616 13724 13863 13971 14079 15403
1031 1187 1379 1487 1705 1813 1921 2029 3732 3931 4039 4245 4461 4569 4677 4785 4893 5001 5109 5325 5495 6699 6807 7133 7705 7813 7921 8138 8308 8416 8524 8741 8849 8957 9065 9278 9451 9559 9667 10446 10554 10662 10878 11095 11203 11311 11419 11527 11748 11856 11964 12181 12289 12397 12505 12867 12975 13083 13191 13299 13407 13515 13623 13731 13870 13978 14086 15410
1085 1233 1425 1533 1751 1859 1967 2075 3778 3977 4085 4291 4507 4615 4723 4831 4939 5047 5155 5371 5541 6745 6853 7179 7751 7859 7967 8184 8354 8462 8570 8787 8895 9003 9111 9324 9497 9605 9713 10492 10600 10708 10924 11141 11249 11357 11465 11573 11794 11902 12010 12227 12335 12443 12551 12913 13021 13129 13237 13345 13453 13561 13669 13777 13916 14024 14132 15456
2679
2680
2691
2692
2695
2727
2730 2732
15469
1543
2140 6863 6972 7977 8580 9782 10037 10934 12020 12561 12706 14142
1545
2142 6865 6974 7979 8582 9784 10039 10936 12022 12563 12708 14144
2143 6866 6975 7980 8583 9785 10040 10937 12023 12564 12709 14145
2144 6867 6976 7981 8584 9786 10041 10938 12024 12565 12710 14146
2145 6868 6977 7982 8585 9787 10042 10939 12025 12566 12711 14147
1550
2147 6870 6979 7984 8587 9789 10044 10941 12027 12568 12713 14149
1552
1553
2150 6873 6982 7987 8590 9792 10047 10944 12030 12571 12716 14152
1555
2152 6875 6984 7989 8592 9794 10049 10946 12032 12573 12718 14154
2153 6876 6985 7990 8593 9795 10050 10947 12033 12574 12719 14155
1558
2156 6879 6988 7993 8596 9798 10053 10950 12036 12577 12722 14158
2157 6880 6989 7994 8597 9799 10054 10951 12037 12578 12723 14159
1562
2159 6882 6991 7996 8599 9801 10056 10953 12039 12580 12725 14161
2169 6892 7001 8006 8609 9811 10066 10963 12049 12590 12735 14171
1577
1578
2179 6902 7011 8016 8619 9821 10076 10973 12059 12600 12745 14181
2180 6903 7012 8017 8620 9822 10077 10974 12060 12601 12746 14182
2182 6905 7014 8019 8622 9824 10079 10976 12062 12603 12748 14184
1590
1597
1602
1603
1605
1607
2204 6927 7036 8041 8644 9846 10101 10998 12084 12625 12770 14206
2205 6928 7037 8042 8645 9847 10102 10999 12085 12626 12771 14207
1611
2209 6932 7041 8046 8649 9851 10106 11003 12089 12630 12775 14211
1615 1616
2220 6943 7052 8057 8660 9862 10117 11014 12100 12641 12786 14222
2221 6944 7053 8058 8661 9863 10118 11015 12101 12642 12787 14223
2222 6945 7054 8059 8662 9864 10119 11016 12102 12643 12788 14224
2224 6947 7056 8061 8664 9866 10121 11018 12104 12645 12790 14226
2227 6950 7059 8064 8667 9869 10124 11021 12107 12648 12793 14229
2231 2232 2233 6954 6955 6956 7063 7064 7065 8068 8069 8070 8671 8672 8673 9873 9874 9875 10128 10129 10130 11025 11026 11027 12111 12112 12113 12652 12653 12654 12797 12798 12799 14233 14234 14235
2234 6957 7066 8071 8674 9876 10131 11028 12114 12655 12800 14236
2284
10317
2289
2348
1087 1235 1427 1535 1753 1861 1969 2077 3780 3979 4087 4293 4509 4617 4725 4833 4941 5049 5157 5373 5543 6747 6855 7181 7753 7861 7969 8186 8356 8464 8572 8789 8897 9005 9113 9326 9499 9607 9715 10494 10602 10710 10926 11143 11251 11359 11467 11575 11796 11904 12012 12229 12337 12445 12553 12915 13023 13131 13239 13347 13455 13563 13671 13779 13918 14026 14134 15458
2351
1091 1239 1431 1539 1757 1865 1973 2081 3784 3983 4091 4297 4513 4621 4729 4837 4945 5053 5161 5377 5547 6751 6859 7185 7757 7865 7973 8190 8360 8468 8576 8793 8901 9009 9117 9330 9503 9611 9719 10498 10606 10714 10930 11147 11255 11363 11471 11579 11800 11908 12016 12233 12341 12449 12557 12919 13027 13135 13243 13351 13459 13567 13675 13783 13922 14030 14138 15462
3561
3563
3564
3566
3673
4318
1313
10150
10256
1540
1541
3670
2138 6861 6970 7975 8578 9780 10035 10932 12018 12559 12704 14140
2139 6862 6971 7976 8579 9781 10036 10933 12019 12560 12705 14141
2141 6864 6973 7978 8581 9783 10038 10935 12021 12562 12707 14143
2158 6881 6990 7995 8598 9800 10055 10952 12038 12579 12724 14160
2186 6909 7018 8023 8626 9828 10083 10980 12066 12607 12752 14188
2193 6916 7025 8030 8633 9835 10090 10987 12073 12614 12759 14195
2239 6962 7071 8076 8679 9881 10136 11033 12119 12660 12805 14241
4379 4380 4381 4382
2248
2250
2294
2347
855 877 878 891 892
2355 5379 5410 8192 8223
2356 5380 5411 8193 8224
2357 5381 5412 8194 8225
2358 5382 5413 8195 8226
2359 5383 5414 8196 8227
2360 5384 5415 8197 8228
2361 5385 5416 8198 8229
2362 5386 5417 8199 8230
2363 5387 5418 8200 8231
2364 5388 5419 8201 8232
2365 2383 5389 5407 5420 5438 8202 8220 8233 8251
2366 5390 5421 8203 8234
2367 5391 5422 8204 8235
2368 5392 5423 8205 8236
2369 5393 5424 8206 8237
2370 5394 5425 8207 8238
2371 5395 5426 8208 8239
2372 5396 5427 8209 8240
2380 2381 5404 5405 5435 5436 8217 8218 8248 8249
2382 5406 5437 8219 8250
2480
2483
2484
2485
2486
2488
2490
2539
2546
5164 10717
5166 10719
5182 10735
5210 10763
5217 10770
5263 10816
5713
5738
7215
7218
7219
7220
7221
7223
10255
10293
10294
10295
10296
10297
10298
10299
10300
10301
10302
10303 10313
10304
10305
10306
10307
10308
10309
10310 10311
10312
10318
10323
10330
10346
10347
10356
10357
10359
10361
10362
10363
10365
10379
10383 10384 10385
10386
15648
31
32
2524
4312
2271 2276
2274
2331
2343
2543 2544 2545
3544 3545 3546
85
1046 1202 1394 1502 1720 1828 1936 2044 3747 3946 4054 4260 4476 4584 4692 4800 4908 5016 5124 5340 5510 6714 6822 7148 7720 7828 7936 8153 8323 8431 8539 8756 8864 8972 9080 9293 9466 9574 9682 10461 10569 10677 10893 11110 11218 11326 11434 11542 11763 11871 11979 12196 12304 12412 12520 12882 12990 13098 13206 13314 13422 13530 13638 13746 13885 13993 14101 15425
2318
2446 2447 2448
4183 4184 4185
101
104 120 143 160
159
147
15680
15685
4103 4121 13795 13813
2086
2118
5800 5801 5802
15227 15235 15236 15253 15254 15258 15259 15260 15262
1022 1181 1373 1481 1699 1807 1915 2023 3726 3925 4033 4239 4455 4563 4671 4779 4887 4995 5103 5319 5489 6693 6801 7127 7699 7807 7915 8132 8302 8410 8518 8735 8843 8951 9059 9272 9445 9553 9661 10440 10548 10656 10872 11089 11197 11305 11413 11521 11742 11850 11958 12175 12283 12391 12499 12861 12969 13077 13185 13293 13401 13509 13617 13725 13864 13972 14080 15404
1023 1025 1182 1184 1374 1376 1482 1484 1700 1702 1808 1810 1916 1918 2024 2026 3727 3729 3926 3928 4034 4036 4240 4242 4456 4458 4564 4566 4672 4674 4780 4782 4888 4890 4996 4998 5104 5106 5320 5322 5490 5492 6694 6696 6802 6804 7128 7130 7700 7702 7808 7810 7916 7918 8133 8135 8303 8305 8411 8413 8519 8521 8736 8738 8844 8846 8952 8954 9060 9062 9273 9275 9446 9448 9554 9556 9662 9664 10441 10443 10549 10551 10657 10659 10873 10875 11090 11092 11198 11200 11306 11308 11414 11416 11522 11524 11743 11745 11851 11853 11959 11961 12176 12178 12284 12286 12392 12394 12500 12502 12862 12864 12970 12972 13078 13080 13186 13188 13294 13296 13402 13404 13510 13512 13618 13620 13726 13728 13865 13867 13973 13975 14081 14083 15405 15407
1024 1183 1375 1483 1701 1809 1917 2025 3728 3927 4035 4241 4457 4565 4673 4781 4889 4997 5105 5321 5491 6695 6803 7129 7701 7809 7917 8134 8304 8412 8520 8737 8845 8953 9061 9274 9447 9555 9663 10442 10550 10658 10874 11091 11199 11307 11415 11523 11744 11852 11960 12177 12285 12393 12501 12863 12971 13079 13187 13295 13403 13511 13619 13727 13866 13974 14082 15406
1026 1185 1377 1485 1703 1811 1919 2027 3730 3929 4037 4243 4459 4567 4675 4783 4891 4999 5107 5323 5493 6697 6805 7131 7703 7811 7919 8136 8306 8414 8522 8739 8847 8955 9063 9276 9449 9557 9665 10444 10552 10660 10876 11093 11201 11309 11417 11525 11746 11854 11962 12179 12287 12395 12503 12865 12973 13081 13189 13297 13405 13513 13621 13729 13868 13976 14084 15408
1027 1186 1378 1486 1704 1812 1920 2028 3731 3930 4038 4244 4460 4568 4676 4784 4892 5000 5108 5324 5494 6698 6806 7132 7704 7812 7920 8137 8307 8415 8523 8740 8848 8956 9064 9277 9450 9558 9666 10445 10553 10661 10877 11094 11202 11310 11418 11526 11747 11855 11963 12180 12288 12396 12504 12866 12974 13082 13190 13298 13406 13514 13622 13730 13869 13977 14085 15409
1032 1188 1380 1488 1706 1814 1922 2030 3733 3932 4040 4246 4462 4570 4678 4786 4894 5002 5110 5326 5496 6700 6808 7134 7706 7814 7922 8139 8309 8417 8525 8742 8850 8958 9066 9279 9452 9560 9668 10447 10555 10663 10879 11096 11204 11312 11420 11528 11749 11857 11965 12182 12290 12398 12506 12868 12976 13084 13192 13300 13408 13516 13624 13732 13871 13979 14087 15411
2303
2304
2326
2327
1067 1219 1411 1519 1737 1845 1953 2061 3764 3963 4071 4277 4493 4601 4709 4817 4925 5033 5141 5357 5527 6731 6839 7165 7737 7845 7953 8170 8340 8448 8556 8773 8881 8989 9097 9310 9483 9591 9699 10478 10586 10694 10910 11127 11235 11343 11451 11559 11780 11888 11996 12213 12321 12429 12537 12899 13007 13115 13223 13331 13439 13547 13655 13763 13902 14010 14118 15442
1073 1222 1414 1522 1740 1848 1956 2064 3767 3966 4074 4280 4496 4604 4712 4820 4928 5036 5144 5360 5530 6734 6842 7168 7740 7848 7956 8173 8343 8451 8559 8776 8884 8992 9100 9313 9486 9594 9702 10481 10589 10697 10913 11130 11238 11346 11454 11562 11783 11891 11999 12216 12324 12432 12540 12902 13010 13118 13226 13334 13442 13550 13658 13766 13905 14013 14121 15445
1074 1223 1415 1523 1741 1849 1957 2065 3768 3967 4075 4281 4497 4605 4713 4821 4929 5037 5145 5361 5531 6735 6843 7169 7741 7849 7957 8174 8344 8452 8560 8777 8885 8993 9101 9314 9487 9595 9703 10482 10590 10698 10914 11131 11239 11347 11455 11563 11784 11892 12000 12217 12325 12433 12541 12903 13011 13119 13227 13335 13443 13551 13659 13767 13906 14014 14122 15446
1075 1224 1416 1524 1742 1850 1958 2066 3769 3968 4076 4282 4498 4606 4714 4822 4930 5038 5146 5362 5532 6736 6844 7170 7742 7850 7958 8175 8345 8453 8561 8778 8886 8994 9102 9315 9488 9596 9704 10483 10591 10699 10915 11132 11240 11348 11456 11564 11785 11893 12001 12218 12326 12434 12542 12904 13012 13120 13228 13336 13444 13552 13660 13768 13907 14015 14123 15447
9154
9156
9157
9187
3800
15327 15328 15329
1076 1077 1078 1225 1226 1227 1417 1418 1419 1525 1526 1527 1743 1744 1745 1851 1852 1853 1959 1960 1961 2067 2068 2069 3770 3771 3772 3969 3970 3971 4077 4078 4079 4283 4284 4285 4499 4500 4501 4607 4608 4609 4715 4716 4717 4823 4824 4825 4931 4932 4933 5039 5040 5041 5147 5148 5149 5363 5364 5365 5533 5534 5535 6737 6738 6739 6845 6846 6847 7171 7172 7173 7743 7744 7745 7851 7852 7853 7959 7960 7961 8176 8177 8178 8346 8347 8348 8454 8455 8456 8562 8563 8564 8779 8780 8781 8887 8888 8889 8995 8996 8997 9103 9104 9105 9316 9317 9318 9489 9490 9491 9597 9598 9599 9705 9706 9707 10484 10485 10486 10592 10593 10594 10700 10701 10702 10916 10917 10918 11133 11134 11135 11241 11242 11243 11349 11350 11351 11457 11458 11459 11565 11566 11567 11786 11787 11788 11894 11895 11896 12002 12003 12004 12219 12220 12221 12327 12328 12329 12435 12436 12437 12543 12544 12545 12905 12906 12907 13013 13014 13015 13121 13122 13123 13229 13230 13231 13337 13338 13339 13445 13446 13447 13553 13554 13555 13661 13662 13663 13769 13770 13771 13908 13909 13910 14016 14017 14018 14124 14125 14126 15448 15449 15450
15615
2249
2262
2264
2265
2267
2281
2282
2287
2288
2290
2306
2307
2309
2311
2328
2329
2330
2332
2335
2339 2340 2341
2342
2349
2353
9942
9944
9946
2537
9758
15178 15179
15339
15343
15344
15345
4148
15238
5850
6606
11643
10026
10027
2388
2678
4126
9334
2457
5806
5756
5804
2470
2516
2508
2509
2510
2512 2515
2517
5876 5877 5880
2715
2729
2731
3788
3844
5835
11635 11636 11637
9976 9977
15237
15264
11687 11688 11689
12670
12672
12673
12675
12676
12678 12696
12681
12683
12684
12685
12693 12694
12695
5551
149 154
190 194
193 204 215
200 206 214
209 211 213
216
260
792
724
15738 15739
15728 15729 15730 15731 15732 15733 15734 15735
842
12668
10263
10264
10269
9333
10265
10276
9194 9195 9196 9198 9200 9206 9207 9208
5569
7245
9941
10030
15214
15217
15218
15474
15741 15747 15755
15744 15749 15750 15752 15753 15754
15756
5752 5761
5753
5754
5755
5757
5759
9775
12698
15616
3558
3559
203
686
2263
1271
1305
14261
4109 13801
4118 4119 13810 13811
4120 13812
9980
4142 4151
4143
4144
4145
4147
4149
4150
5654
5787
5788
5794
5797
5798
5799
5834
9768
9770
9891
15495
15308
15691
15696
5656
5836
9137
15287
10335
10345
10378
1276
1283
15707 15711 15712
15708
10279
10009
2473
5579
5582
5583
5584
5585
5586
5587
4326
4329
4330
4331
4332
4334
5552
10292
5774
10271
10272
10273 10291
10371 10372
10377
10380
10381
10382
14262 14264 14266 14268
14263
14265
15219 15221 15223 15225
15220
15222
15566
15736
26
15725
2277
15224
977 1137 1329 1437 1655 1763 1871 1979 3682 3881 3989 4195 4411 4519 4627 4735 4843 4951 5059 5275 5445 6649 6757 7083 7655 7763 7871 8088 8258 8366 8474 8691 8799 8907 9015 9228 9401 9509 9617 10396 10504 10612 10828 11045 11153 11261 11369 11477 11698 11806 11914 12131 12239 12347 12455 12817 12925 13033 13141 13249 13357 13465 13573 13681 13820 13928 14036 15360
980 1140 1332 1440 1658 1766 1874 1982 3685 3884 3992 4198 4414 4522 4630 4738 4846 4954 5062 5278 5448 6652 6760 7086 7658 7766 7874 8091 8261 8369 8477 8694 8802 8910 9018 9231 9404 9512 9620 10399 10507 10615 10831 11048 11156 11264 11372 11480 11701 11809 11917 12134 12242 12350 12458 12820 12928 13036 13144 13252 13360 13468 13576 13684 13823 13931 14039 15363
989 1149 1341 1449 1667 1775 1883 1991 3694 3893 4001 4207 4423 4531 4639 4747 4855 4963 5071 5287 5457 6661 6769 7095 7667 7775 7883 8100 8270 8378 8486 8703 8811 8919 9027 9240 9413 9521 9629 10408 10516 10624 10840 11057 11165 11273 11381 11489 11710 11818 11926 12143 12251 12359 12467 12829 12937 13045 13153 13261 13369 13477 13585 13693 13832 13940 14048 15372
9737
4122 13814
9140
3814
3815
3816
3817
3819
3821
5646
14267
9139
7227
15282
9906
9926
12702
15177
15183
790
799 800 801
2253
2295
2296 2298
2297
2299
2300
2302
5595
5600
5602
5212 5214 10765 10767
5213 10766
5215 10768
5218 10771
1600
2717
3823
5781 5783 5784
5782
3836
3838
3826
4343
5642
10207
10213
1082 1230 1422 1530 1748 1856 1964 2072 3775 3974 4082 4288 4504 4612 4720 4828 4936 5044 5152 5368 5538 6742 6850 7176 7748 7856 7964 8181 8351 8459 8567 8784 8892 9000 9108 9321 9494 9602 9710 10489 10597 10705 10921 11138 11246 11354 11462 11570 11791 11899 12007 12224 12332 12440 12548 12910 13018 13126 13234 13342 13450 13558 13666 13774 13913 14021 14129 15453
1083 1231 1423 1531 1749 1857 1965 2073 3776 3975 4083 4289 4505 4613 4721 4829 4937 5045 5153 5369 5539 6743 6851 7177 7749 7857 7965 8182 8352 8460 8568 8785 8893 9001 9109 9322 9495 9603 9711 10490 10598 10706 10922 11139 11247 11355 11463 11571 11792 11900 12008 12225 12333 12441 12549 12911 13019 13127 13235 13343 13451 13559 13667 13775 13914 14022 14130 15454
1084 1232 1424 1532 1750 1858 1966 2074 3777 3976 4084 4290 4506 4614 4722 4830 4938 5046 5154 5370 5540 6744 6852 7178 7750 7858 7966 8183 8353 8461 8569 8786 8894 9002 9110 9323 9496 9604 9712 10491 10599 10707 10923 11140 11248 11356 11464 11572 11793 11901 12009 12226 12334 12442 12550 12912 13020 13128 13236 13344 13452 13560 13668 13776 13915 14023 14131 15455
15241
9158
15621
15622
9138
9164
9165
9167
9170
10194
4338
15244
15242 15243
9159 9160
5658
5855
2694
49
9998
9999
10000
10001
10002
10003
10004
2373 5397 5428 8210 8241
2375 5399 5430 8212 8243
2376 5400 5431 8213 8244
2377 5401 5432 8214 8245
2378 5402 5433 8215 8246
2379 5403 5434 8216 8247
4156
2103
2105
2106
2107
2108
2109
1015 1175 1367 1475 1693 1801 1909 2017 3720 3919 4027 4233 4449 4557 4665 4773 4881 4989 5097 5313 5483 6687 6795 7121 7693 7801 7909 8126 8296 8404 8512 8729 8837 8945 9053 9266 9439 9547 9655 10434 10542 10650 10866 11083 11191 11299 11407 11515 11736 11844 11952 12169 12277 12385 12493 12855 12963 13071 13179 13287 13395 13503 13611 13719 13858 13966 14074 15398
1089 1237 1429 1537 1755 1863 1971 2079 3782 3981 4089 4295 4511 4619 4727 4835 4943 5051 5159 5375 5545 6749 6857 7183 7755 7863 7971 8188 8358 8466 8574 8791 8899 9007 9115 9328 9501 9609 9717 10496 10604 10712 10928 11145 11253 11361 11469 11577 11798 11906 12014 12231 12339 12447 12555 12917 13025 13133 13241 13349 13457 13565 13673 13781 13920 14028 14136 15460
12687
15312
962
1040 1196 1388 1496 1714 1822 1930 2038 3741 3940 4048 4254 4470 4578 4686 4794 4902 5010 5118 5334 5504 6708 6816 7142 7714 7822 7930 8147 8317 8425 8533 8750 8858 8966 9074 9287 9460 9568 9676 10455 10563 10671 10887 11104 11212 11320 11428 11536 11757 11865 11973 12190 12298 12406 12514 12876 12984 13092 13200 13308 13416 13524 13632 13740 13879 13987 14095 15419
1606
2310
2630
2722
3633
10218
10360
15354
15643
982 1142 1334 1442 1660 1768 1876 1984 3687 3886 3994 4200 4416 4524 4632 4740 4848 4956 5064 5280 5450 6654 6762 7088 7660 7768 7876 8093 8263 8371 8479 8696 8804 8912 9020 9233 9406 9514 9622 10401 10509 10617 10833 11050 11158 11266 11374 11482 11703 11811 11919 12136 12244 12352 12460 12822 12930 13038 13146 13254 13362 13470 13578 13686 13825 13933 14041 15365
1055 1207 1399 1507 1725 1833 1941 2049 3752 3951 4059 4265 4481 4589 4697 4805 4913 5021 5129 5345 5515 6719 6827 7153 7725 7833 7941 8158 8328 8436 8544 8761 8869 8977 9085 9298 9471 9579 9687 10466 10574 10682 10898 11115 11223 11331 11439 11547 11768 11876 11984 12201 12309 12417 12525 12887 12995 13103 13211 13319 13427 13535 13643 13751 13890 13998 14106 15430
1009 1169 1361 1469 1687 1795 1903 2011 3714 3913 4021 4227 4443 4551 4659 4767 4875 4983 5091 5307 5477 6681 6789 7115 7687 7795 7903 8120 8290 8398 8506 8723 8831 8939 9047 9260 9433 9541 9649 10428 10536 10644 10860 11077 11185 11293 11401 11509 11730 11838 11946 12163 12271 12379 12487 12849 12957 13065 13173 13281 13389 13497 13605 13713 13852 13960 14068 15392
1011 1171 1363 1471 1689 1797 1905 2013 3716 3915 4023 4229 4445 4553 4661 4769 4877 4985 5093 5309 5479 6683 6791 7117 7689 7797 7905 8122 8292 8400 8508 8725 8833 8941 9049 9262 9435 9543 9651 10430 10538 10646 10862 11079 11187 11295 11403 11511 11732 11840 11948 12165 12273 12381 12489 12851 12959 13067 13175 13283 13391 13499 13607 13715 13854 13962 14070 15394
1019 1178 1370 1478 1696 1804 1912 2020 3723 3922 4030 4236 4452 4560 4668 4776 4884 4992 5100 5316 5486 6690 6798 7124 7696 7804 7912 8129 8299 8407 8515 8732 8840 8948 9056 9269 9442 9550 9658 10437 10545 10653 10869 11086 11194 11302 11410 11518 11739 11847 11955 12172 12280 12388 12496 12858 12966 13074 13182 13290 13398 13506 13614 13722 13861 13969 14077 15401
1042 1198 1390 1498 1716 1824 1932 2040 3743 3942 4050 4256 4472 4580 4688 4796 4904 5012 5120 5336 5506 6710 6818 7144 7716 7824 7932 8149 8319 8427 8535 8752 8860 8968 9076 9289 9462 9570 9678 10457 10565 10673 10889 11106 11214 11322 11430 11538 11759 11867 11975 12192 12300 12408 12516 12878 12986 13094 13202 13310 13418 13526 13634 13742 13881 13989 14097 15421
1043 1199 1391 1499 1717 1825 1933 2041 3744 3943 4051 4257 4473 4581 4689 4797 4905 5013 5121 5337 5507 6711 6819 7145 7717 7825 7933 8150 8320 8428 8536 8753 8861 8969 9077 9290 9463 9571 9679 10458 10566 10674 10890 11107 11215 11323 11431 11539 11760 11868 11976 12193 12301 12409 12517 12879 12987 13095 13203 13311 13419 13527 13635 13743 13882 13990 14098 15422
1044 1200 1392 1500 1718 1826 1934 2042 3745 3944 4052 4258 4474 4582 4690 4798 4906 5014 5122 5338 5508 6712 6820 7146 7718 7826 7934 8151 8321 8429 8537 8754 8862 8970 9078 9291 9464 9572 9680 10459 10567 10675 10891 11108 11216 11324 11432 11540 11761 11869 11977 12194 12302 12410 12518 12880 12988 13096 13204 13312 13420 13528 13636 13744 13883 13991 14099 15423
1012 1172 1364 1472 1690 1798 1906 2014 3717 3916 4024 4230 4446 4554 4662 4770 4878 4986 5094 5310 5480 6684 6792 7118 7690 7798 7906 8123 8293 8401 8509 8726 8834 8942 9050 9263 9436 9544 9652 10431 10539 10647 10863 11080 11188 11296 11404 11512 11733 11841 11949 12166 12274 12382 12490 12852 12960 13068 13176 13284 13392 13500 13608 13716 13855 13963 14071 15395
2197 6920 7029 8034 8637 9839 10094 10991 12077 12618 12763 14199
2504
3803
4317
715 716
2414
2429
2435
1038 1194 1386 1494 1712 1820 1928 2036 3739 3938 4046 4252 4468 4576 4684 4792 4900 5008 5116 5332 5502 6706 6814 7140 7712 7820 7928 8145 8315 8423 8531 8748 8856 8964 9072 9285 9458 9566 9674 10453 10561 10669 10885 11102 11210 11318 11426 11534 11755 11863 11971 12188 12296 12404 12512 12874 12982 13090 13198 13306 13414 13522 13630 13738 13877 13985 14093 15417
1604
2308
2628
3631
10216
10358
702
5762
5795
1622
1630
15330
15336
14286
15302
15318
3822
3857
3820
5679
5712
997 1002 1157 1162 1349 1354 1457 1462 1675 1680 1783 1788 1891 1896 1999 2004 3702 3707 3901 3906 4009 4014 4215 4220 4431 4436 4539 4544 4647 4652 4755 4760 4863 4868 4971 4976 5079 5084 5295 5300 5465 5470 6669 6674 6777 6782 7103 7108 7675 7680 7783 7788 7891 7896 8108 8113 8278 8283 8386 8391 8494 8499 8711 8716 8819 8824 8927 8932 9035 9040 9248 9253 9421 9426 9529 9534 9637 9642 10416 10421 10524 10529 10632 10637 10848 10853 11065 11070 11173 11178 11281 11286 11389 11394 11497 11502 11718 11723 11826 11831 11934 11939 12151 12156 12259 12264 12367 12372 12475 12480 12837 12842 12945 12950 13053 13058 13161 13166 13269 13274 13377 13382 13485 13490 13593 13598 13701 13706 13840 13845 13948 13953 14056 14061 15380 15385
1000 1160 1352 1460 1678 1786 1894 2002 3705 3904 4012 4218 4434 4542 4650 4758 4866 4974 5082 5298 5468 6672 6780 7106 7678 7786 7894 8111 8281 8389 8497 8714 8822 8930 9038 9251 9424 9532 9640 10419 10527 10635 10851 11068 11176 11284 11392 11500 11721 11829 11937 12154 12262 12370 12478 12840 12948 13056 13164 13272 13380 13488 13596 13704 13843 13951 14059 15383
1065 1217 1409 1517 1735 1843 1951 2059 3762 3961 4069 4275 4491 4599 4707 4815 4923 5031 5139 5355 5525 6729 6837 7163 7735 7843 7951 8168 8338 8446 8554 8771 8879 8987 9095 9308 9481 9589 9697 10476 10584 10692 10908 11125 11233 11341 11449 11557 11778 11886 11994 12211 12319 12427 12535 12897 13005 13113 13221 13329 13437 13545 13653 13761 13900 14008 14116 15440
983 1143 1335 1443 1661 1769 1877 1985 3688 3887 3995 4201 4417 4525 4633 4741 4849 4957 5065 5281 5451 6655 6763 7089 7661 7769 7877 8094 8264 8372 8480 8697 8805 8913 9021 9234 9407 9515 9623 10402 10510 10618 10834 11051 11159 11267 11375 11483 11704 11812 11920 12137 12245 12353 12461 12823 12931 13039 13147 13255 13363 13471 13579 13687 13826 13934 14042 15366
1006 1166 1358 1466 1684 1792 1900 2008 3711 3910 4018 4224 4440 4548 4656 4764 4872 4980 5088 5304 5474 6678 6786 7112 7684 7792 7900 8117 8287 8395 8503 8720 8828 8936 9044 9257 9430 9538 9646 10425 10533 10641 10857 11074 11182 11290 11398 11506 11727 11835 11943 12160 12268 12376 12484 12846 12954 13062 13170 13278 13386 13494 13602 13710 13849 13957 14065 15389
1060 1212 1404 1512 1730 1838 1946 2054 3757 3956 4064 4270 4486 4594 4702 4810 4918 5026 5134 5350 5520 6724 6832 7158 7730 7838 7946 8163 8333 8441 8549 8766 8874 8982 9090 9303 9476 9584 9692 10471 10579 10687 10903 11120 11228 11336 11444 11552 11773 11881 11989 12206 12314 12422 12530 12892 13000 13108 13216 13324 13432 13540 13648 13756 13895 14003 14111 15435
1061 1213 1405 1513 1731 1839 1947 2055 3758 3957 4065 4271 4487 4595 4703 4811 4919 5027 5135 5351 5521 6725 6833 7159 7731 7839 7947 8164 8334 8442 8550 8767 8875 8983 9091 9304 9477 9585 9693 10472 10580 10688 10904 11121 11229 11337 11445 11553 11774 11882 11990 12207 12315 12423 12531 12893 13001 13109 13217 13325 13433 13541 13649 13757 13896 14004 14112 15436
1068 1220 1412 1520 1738 1846 1954 2062 3765 3964 4072 4278 4494 4602 4710 4818 4926 5034 5142 5358 5528 6732 6840 7166 7738 7846 7954 8171 8341 8449 8557 8774 8882 8990 9098 9311 9484 9592 9700 10479 10587 10695 10911 11128 11236 11344 11452 11560 11781 11889 11997 12214 12322 12430 12538 12900 13008 13116 13224 13332 13440 13548 13656 13764 13903 14011 14119 15443
4152
4167 4168
4177
978 1138 1330 1438 1656 1764 1872 1980 3683 3882 3990 4196 4412 4520 4628 4736 4844 4952 5060 5276 5446 6650 6758 7084 7656 7764 7872 8089 8259 8367 8475 8692 8800 8908 9016 9229 9402 9510 9618 10397 10505 10613 10829 11046 11154 11262 11370 11478 11699 11807 11915 12132 12240 12348 12456 12818 12926 13034 13142 13250 13358 13466 13574 13682 13821 13929 14037 15361
994 1005 1154 1165 1346 1357 1454 1465 1672 1683 1780 1791 1888 1899 1996 2007 3699 3710 3898 3909 4006 4017 4212 4223 4428 4439 4536 4547 4644 4655 4752 4763 4860 4871 4968 4979 5076 5087 5292 5303 5462 5473 6666 6677 6774 6785 7100 7111 7672 7683 7780 7791 7888 7899 8105 8116 8275 8286 8383 8394 8491 8502 8708 8719 8816 8827 8924 8935 9032 9043 9245 9256 9418 9429 9526 9537 9634 9645 10413 10424 10521 10532 10629 10640 10845 10856 11062 11073 11170 11181 11278 11289 11386 11397 11494 11505 11715 11726 11823 11834 11931 11942 12148 12159 12256 12267 12364 12375 12472 12483 12834 12845 12942 12953 13050 13061 13158 13169 13266 13277 13374 13385 13482 13493 13590 13601 13698 13709 13837 13848 13945 13956 14053 14064 15377 15388
995 1155 1347 1455 1673 1781 1889 1997 3700 3899 4007 4213 4429 4537 4645 4753 4861 4969 5077 5293 5463 6667 6775 7101 7673 7781 7889 8106 8276 8384 8492 8709 8817 8925 9033 9246 9419 9527 9635 10414 10522 10630 10846 11063 11171 11279 11387 11495 11716 11824 11932 12149 12257 12365 12473 12835 12943 13051 13159 13267 13375 13483 13591 13699 13838 13946 14054 15378
996 1156 1348 1456 1674 1782 1890 1998 3701 3900 4008 4214 4430 4538 4646 4754 4862 4970 5078 5294 5464 6668 6776 7102 7674 7782 7890 8107 8277 8385 8493 8710 8818 8926 9034 9247 9420 9528 9636 10415 10523 10631 10847 11064 11172 11280 11388 11496 11717 11825 11933 12150 12258 12366 12474 12836 12944 13052 13160 13268 13376 13484 13592 13700 13839 13947 14055 15379
998 1158 1350 1458 1676 1784 1892 2000 3703 3902 4010 4216 4432 4540 4648 4756 4864 4972 5080 5296 5466 6670 6778 7104 7676 7784 7892 8109 8279 8387 8495 8712 8820 8928 9036 9249 9422 9530 9638 10417 10525 10633 10849 11066 11174 11282 11390 11498 11719 11827 11935 12152 12260 12368 12476 12838 12946 13054 13162 13270 13378 13486 13594 13702 13841 13949 14057 15381
999 1159 1351 1459 1677 1785 1893 2001 3704 3903 4011 4217 4433 4541 4649 4757 4865 4973 5081 5297 5467 6671 6779 7105 7677 7785 7893 8110 8280 8388 8496 8713 8821 8929 9037 9250 9423 9531 9639 10418 10526 10634 10850 11067 11175 11283 11391 11499 11720 11828 11936 12153 12261 12369 12477 12839 12947 13055 13163 13271 13379 13487 13595 13703 13842 13950 14058 15382
1001 1161 1353 1461 1679 1787 1895 2003 3706 3905 4013 4219 4435 4543 4651 4759 4867 4975 5083 5299 5469 6673 6781 7107 7679 7787 7895 8112 8282 8390 8498 8715 8823 8931 9039 9252 9425 9533 9641 10420 10528 10636 10852 11069 11177 11285 11393 11501 11722 11830 11938 12155 12263 12371 12479 12841 12949 13057 13165 13273 13381 13489 13597 13705 13844 13952 14060 15384
1004 1164 1356 1464 1682 1790 1898 2006 3709 3908 4016 4222 4438 4546 4654 4762 4870 4978 5086 5302 5472 6676 6784 7110 7682 7790 7898 8115 8285 8393 8501 8718 8826 8934 9042 9255 9428 9536 9644 10423 10531 10639 10855 11072 11180 11288 11396 11504 11725 11833 11941 12158 12266 12374 12482 12844 12952 13060 13168 13276 13384 13492 13600 13708 13847 13955 14063 15387
2160 2171 6883 6894 6992 7003 7997 8008 8600 8611 9802 9813 10057 10068 10954 10965 12040 12051 12581 12592 12726 12737 14162 14173
2161 6884 6993 7998 8601 9803 10058 10955 12041 12582 12727 14163
2162 6885 6994 7999 8602 9804 10059 10956 12042 12583 12728 14164
2164 6887 6996 8001 8604 9806 10061 10958 12044 12585 12730 14166
2165 6888 6997 8002 8605 9807 10062 10959 12045 12586 12731 14167
2167 6890 6999 8004 8607 9809 10064 10961 12047 12588 12733 14169
2170 6893 7002 8007 8610 9812 10067 10964 12050 12591 12736 14172
1576
2255
2259
2260
2312
2313
2315
2317
2319 2320
9380
9967
9925
9950 9951
9957
9960
9961
9962
9958
5678
4400
2386
2456
2418
2419
2420
2421
2422
2423
2424
2430 2431
2439
2440
2450
9209
9905
9907
3557
3607
3586
3618
3591 3602
3592
3593
3594 3599
3595
3596
3597
3598
3601
3619 3621
3620
3622
3623
3625
3626
3627
3639
3672
3676
3668
3644
3649
3650
3654
3656
3659
3660
3661
3667
3669
3612
3671
3674
3666
3614
3606
3608
3615
3637
3609
3641
3603
3657
10186
10165
10170 10181
10171
10172
10173 10178
10174
10175
10176
10177
10180
10211
10224
10253
10229
10234
10235
10239
10241
10244
10245
10246
10252
10254
10251
10200
10185
10187
10201
10188
10226
10182
10242
15304
15305 15306
15307
15320
15331 15332
15340
15350
7649
1261 1270
1262
1264
1265
1266
1267
1268
1269
1295
1251
1291
5659
5726
5660
5725
5680
5681 5682
5683
5729
11660
11666
11668
11671
11682
11684
11632
93
15710
14289
14290 14291
14292
15187
15197
5853 5854
5571
5637
5572
5636
5590
5591 5592
5593
4339
9161
4111 13803
4112 13804
4113 13805
4114 13806
4115 13807
4116 13808
4117 13809
10281
10282
10283
10284
10285
10286
10287
9352
9353
9354
9355
9356
9357
9358
9368
11616
11617
11618
11619
11620
11621
11639
4319
2704
3527 3529 3530
3528
15639 15640 15641 15642
11659
11661
11662 11670
11663
11664
11665
11667
11669
9347
3804
2322 2324 2325
2323
4124
11678
11582
2293
829
3805
3871
4188
4157
4158
4159
4160
4161
4162
4187
10010
9383
11595
4102 13794
2670
2667
2706
2604
2583
2615
2588 2599
2589
2590
2591 2596
2592
2593
2594
2595
2598
2616 2618
2617
2619
2620
2622
2623
2624
2636
2669
2673
2665
2646
2647
2651
2653
2656
2657
2658
2664
2666
2609
2668
2671
2663
2641
2603
2605
2612
2634
2606
2638
2600
2654
2104
4340
4341
5780
10352
1018 1177 1369 1477 1695 1803 1911 2019 3722 3921 4029 4235 4451 4559 4667 4775 4883 4991 5099 5315 5485 6689 6797 7123 7695 7803 7911 8128 8298 8406 8514 8731 8839 8947 9055 9268 9441 9549 9657 10436 10544 10652 10868 11085 11193 11301 11409 11517 11738 11846 11954 12171 12279 12387 12495 12857 12965 13073 13181 13289 13397 13505 13613 13721 13860 13968 14076 15400
1584
1645
1648
1090 1238 1430 1538 1756 1864 1972 2080 3783 3982 4090 4296 4512 4620 4728 4836 4944 5052 5160 5376 5546 6750 6858 7184 7756 7864 7972 8189 8359 8467 8575 8792 8900 9008 9116 9329 9502 9610 9718 10497 10605 10713 10929 11146 11254 11362 11470 11578 11799 11907 12015 12232 12340 12448 12556 12918 13026 13134 13242 13350 13458 13566 13674 13782 13921 14029 14137 15461
1544
2146 6869 6978 7983 8586 9788 10043 10940 12026 12567 12712 14148
2148 6871 6980 7985 8588 9790 10045 10942 12028 12569 12714 14150
2154 6877 6986 7991 8594 9796 10051 10948 12034 12575 12720 14156
2173 6896 7005 8010 8613 9815 10070 10967 12053 12594 12739 14175
2174 6897 7006 8011 8614 9816 10071 10968 12054 12595 12740 14176
5200 10753
2198 6921 7030 8035 8638 9840 10095 10992 12078 12619 12764 14200
2199 6922 7031 8036 8639 9841 10096 10993 12079 12620 12765 14201
2200 6923 7032 8037 8640 9842 10097 10994 12080 12621 12766 14202
2201 6924 7033 8038 8641 9843 10098 10995 12081 12622 12767 14203
2202 6925 7034 8039 8642 9844 10099 10996 12082 12623 12768 14204
2203 6926 7035 8040 8643 9845 10100 10997 12083 12624 12769 14205
1560
1561
1563
1583
1586
1612
1613
1624
1625
1626
1628
1631
1635 1636 1637
1638
1649
1547
1554
1559
2149 6872 6981 7986 8589 9791 10046 10943 12029 12570 12715 14151
5187 5192 10740 10745
5190 10743
5247 10800
5259 10812
1617
5205 10758
2243 6966 7075 8080 8683 9885 10140 11037 12123 12664 12809 14245
1587
1549
1591
1592 1594
1593
1595
1596
1598
1579
1581
1588
1608
1609
1610
1582
5230 10783
2207 6930 7039 8044 8647 9849 10104 11001 12087 12628 12773 14209
5234 10787
2211 2212 6934 6935 7043 7044 8048 8049 8651 8652 9853 9854 10108 10109 11005 11006 12091 12092 12632 12633 12777 12778 14213 14214
2172 6895 7004 8009 8612 9814 10069 10966 12052 12593 12738 14174
5242 10795
5243 10796
2226 6949 7058 8063 8666 9868 10123 11020 12106 12647 12792 14228
1086 1234 1426 1534 1752 1860 1968 2076 3779 3978 4086 4292 4508 4616 4724 4832 4940 5048 5156 5372 5542 6746 6854 7180 7752 7860 7968 8185 8355 8463 8571 8788 8896 9004 9112 9325 9498 9606 9714 10493 10601 10709 10925 11142 11250 11358 11466 11574 11795 11903 12011 12228 12336 12444 12552 12914 13022 13130 13238 13346 13454 13562 13670 13778 13917 14025 14133 15457
1088 1236 1428 1536 1754 1862 1970 2078 3781 3980 4088 4294 4510 4618 4726 4834 4942 5050 5158 5374 5544 6748 6856 7182 7754 7862 7970 8187 8357 8465 8573 8790 8898 9006 9114 9327 9500 9608 9716 10495 10603 10711 10927 11144 11252 11360 11468 11576 11797 11905 12013 12230 12338 12446 12554 12916 13024 13132 13240 13348 13456 13564 13672 13780 13919 14027 14135 15459
2151 6874 6983 7988 8591 9793 10048 10945 12031 12572 12717 14153
2240 6963 7072 8077 8680 9882 10137 11034 12120 12661 12806 14242
2242 6965 7074 8079 8682 9884 10139 11036 12122 12663 12808 14244
5165 10718
5167 10720
5168 10721
5169 10722
5170 10723
5171 10724
5172 10725
5173 10726
5174 10727
5175 10728
5176 10729
5177 10730
5178 10731
5180 10733
5181 10734
5183 10736
5193 10746
5197 10750
5198 10751
5203 10756
5204 10757
5206 10759
5222 10775
5223 10776
5224 10777
5225 10778
5226 10779
5227 10780
5228 10781
5229 10782
5231 10784
5233 10786
5235 5236 10788 10789
5244 10797
5245 10798
5246 10799
5248 10801
5251 10804
5255 5256 5257 10808 10809 10810
5258 10811
1546
1548
1551
1556
1557
1573
3675
2241 6964 7073 8078 8681 9883 10138 11035 12121 12662 12807 14243
2245 6968 7077 8082 8685 9887 10142 11039 12125 12666 12811 14247
2183 6906 7015 8020 8623 9825 10080 10977 12063 12604 12749 14185
2187 6910 7019 8024 8627 9829 10084 10981 12067 12608 12753 14189
2188 2190 6911 6913 7020 7022 8025 8027 8628 8630 9830 9832 10085 10087 10982 10984 12068 12070 12609 12611 12754 12756 14190 14192
2189 6912 7021 8026 8629 9831 10086 10983 12069 12610 12755 14191
2191 6914 7023 8028 8631 9833 10088 10985 12071 12612 12757 14193
2192 6915 7024 8029 8632 9834 10089 10986 12072 12613 12758 14194
2194 6917 7026 8031 8634 9836 10091 10988 12074 12615 12760 14196
2244 6967 7076 8081 8684 9886 10141 11038 12124 12665 12810 14246
2291
2352
5268 10821
10259
1010 1170 1362 1470 1688 1796 1904 2012 3715 3914 4022 4228 4444 4552 4660 4768 4876 4984 5092 5308 5478 6682 6790 7116 7688 7796 7904 8121 8291 8399 8507 8724 8832 8940 9048 9261 9434 9542 9650 10429 10537 10645 10861 11078 11186 11294 11402 11510 11731 11839 11947 12164 12272 12380 12488 12850 12958 13066 13174 13282 13390 13498 13606 13714 13853 13961 14069 15393
10349
10387
10366
10348
10350
10353
10364
10351
1034 1190 1382 1490 1708 1816 1924 2032 3735 3934 4042 4248 4464 4572 4680 4788 4896 5004 5112 5328 5498 6702 6810 7136 7708 7816 7924 8141 8311 8419 8527 8744 8852 8960 9068 9281 9454 9562 9670 10449 10557 10665 10881 11098 11206 11314 11422 11530 11751 11859 11967 12184 12292 12400 12508 12870 12978 13086 13194 13302 13410 13518 13626 13734 13873 13981 14089 15413
1035 1191 1383 1491 1709 1817 1925 2033 3736 3935 4043 4249 4465 4573 4681 4789 4897 5005 5113 5329 5499 6703 6811 7137 7709 7817 7925 8142 8312 8420 8528 8745 8853 8961 9069 9282 9455 9563 9671 10450 10558 10666 10882 11099 11207 11315 11423 11531 11752 11860 11968 12185 12293 12401 12509 12871 12979 13087 13195 13303 13411 13519 13627 13735 13874 13982 14090 15414
1080 1229 1421 1529 1747 1855 1963 2071 3774 3973 4081 4287 4503 4611 4719 4827 4935 5043 5151 5367 5537 6741 6849 7175 7747 7855 7963 8180 8350 8458 8566 8783 8891 8999 9107 9320 9493 9601 9709 10488 10596 10704 10920 11137 11245 11353 11461 11569 11790 11898 12006 12223 12331 12439 12547 12909 13017 13125 13233 13341 13449 13557 13665 13773 13912 14020 14128 15452
2321
2283
2285
2292
2286
14269
15226
2316
4175
4180
4181
4182
15186
15190
15191
15192
1033 1189 1381 1489 1707 1815 1923 2031 3734 3933 4041 4247 4463 4571 4679 4787 4895 5003 5111 5327 5497 6701 6809 7135 7707 7815 7923 8140 8310 8418 8526 8743 8851 8959 9067 9280 9453 9561 9669 10448 10556 10664 10880 11097 11205 11313 11421 11529 11750 11858 11966 12183 12291 12399 12507 12869 12977 13085 13193 13301 13409 13517 13625 13733 13872 13980 14088 15412
5220 10773
1056 1058 1059 1208 1210 1211 1400 1402 1403 1508 1510 1511 1726 1728 1729 1834 1836 1837 1942 1944 1945 2050 2052 2053 3753 3755 3756 3952 3954 3955 4060 4062 4063 4266 4268 4269 4482 4484 4485 4590 4592 4593 4698 4700 4701 4806 4808 4809 4914 4916 4917 5022 5024 5025 5130 5132 5133 5346 5348 5349 5516 5518 5519 6720 6722 6723 6828 6830 6831 7154 7156 7157 7726 7728 7729 7834 7836 7837 7942 7944 7945 8159 8161 8162 8329 8331 8332 8437 8439 8440 8545 8547 8548 8762 8764 8765 8870 8872 8873 8978 8980 8981 9086 9088 9089 9299 9301 9302 9472 9474 9475 9580 9582 9583 9688 9690 9691 10467 10469 10470 10575 10577 10578 10683 10685 10686 10899 10901 10902 11116 11118 11119 11224 11226 11227 11332 11334 11335 11440 11442 11443 11548 11550 11551 11769 11771 11772 11877 11879 11880 11985 11987 11988 12202 12204 12205 12310 12312 12313 12418 12420 12421 12526 12528 12529 12888 12890 12891 12996 12998 12999 13104 13106 13107 13212 13214 13215 13320 13322 13323 13428 13430 13431 13536 13538 13539 13644 13646 13647 13752 13754 13755 13891 13893 13894 13999 14001 14002 14107 14109 14110 15431 15433 15434
1057 1209 1401 1509 1727 1835 1943 2051 3754 3953 4061 4267 4483 4591 4699 4807 4915 5023 5131 5347 5517 6721 6829 7155 7727 7835 7943 8160 8330 8438 8546 8763 8871 8979 9087 9300 9473 9581 9689 10468 10576 10684 10900 11117 11225 11333 11441 11549 11770 11878 11986 12203 12311 12419 12527 12889 12997 13105 13213 13321 13429 13537 13645 13753 13892 14000 14108 15432
1020 1179 1371 1479 1697 1805 1913 2021 3724 3923 4031 4237 4453 4561 4669 4777 4885 4993 5101 5317 5487 6691 6799 7125 7697 7805 7913 8130 8300 8408 8516 8733 8841 8949 9057 9270 9443 9551 9659 10438 10546 10654 10870 11087 11195 11303 11411 11519 11740 11848 11956 12173 12281 12389 12497 12859 12967 13075 13183 13291 13399 13507 13615 13723 13862 13970 14078 15402
2438
2443
2444
2445
2333
2336
2337
2338
1049 1204 1396 1504 1722 1830 1938 2046 3749 3948 4056 4262 4478 4586 4694 4802 4910 5018 5126 5342 5512 6716 6824 7150 7722 7830 7938 8155 8325 8433 8541 8758 8866 8974 9082 9295 9468 9576 9684 10463 10571 10679 10895 11112 11220 11328 11436 11544 11765 11873 11981 12198 12306 12414 12522 12884 12992 13100 13208 13316 13424 13532 13640 13748 13887 13995 14103 15427
1564 1575
1565
1566
1568
1569
1571
1574
5221 10774
3628
3645 3647 3648
3646
1646
3616
9760 9762 9763
9761
1296 1298 1299
1297
2625
5264 10817
5266 10819
5267 10820
2214 2216 2217 6937 6939 6940 7046 7048 7049 8051 8053 8054 8654 8656 8657 9856 9858 9859 10111 10113 10114 11008 11010 11011 12094 12096 12097 12635 12637 12638 12780 12782 12783 14216 14218 14219
2215 6938 7047 8052 8655 9857 10112 11009 12095 12636 12781 14217
2642 2644 2645
2643
2185 6908 7017 8022 8625 9827 10082 10979 12065 12606 12751 14187
2613
1580
2208 6931 7040 8045 8648 9850 10105 11002 12088 12629 12774 14210
2155 6878 6987 7992 8595 9797 10052 10949 12035 12576 12721 14157
2213 6936 7045 8050 8653 9855 10110 11007 12093 12634 12779 14215
2175 6898 7007 8012 8615 9817 10072 10969 12055 12596 12741 14177
2177 6900 7009 8014 8617 9819 10074 10971 12057 12598 12743 14179
2184 6907 7016 8021 8624 9826 10081 10978 12064 12605 12750 14186
2206 6929 7038 8043 8646 9848 10103 11000 12086 12627 12772 14208
2178 6901 7010 8015 8618 9820 10075 10972 12058 12599 12744 14180
2236 6959 7068 8073 8676 9878 10133 11030 12116 12657 12802 14238
2237 6960 7069 8074 8677 9879 10134 11031 12117 12658 12803 14239
2238 6961 7070 8075 8678 9880 10135 11032 12118 12659 12804 14240
1640
1641
1642
1629
1632
1633
1634
2163 2168 6886 6891 6995 7000 8000 8005 8603 8608 9805 9810 10060 10065 10957 10962 12043 12048 12584 12589 12729 12734 14165 14170
2166 6889 6998 8003 8606 9808 10063 10960 12046 12587 12732 14168
2218 6941 7050 8055 8658 9860 10115 11012 12098 12639 12784 14220
2219 6942 7051 8056 8659 9861 10116 11013 12099 12640 12785 14221
2223 6946 7055 8060 8663 9865 10120 11017 12103 12644 12789 14225
2225 6948 7057 8062 8665 9867 10122 11019 12105 12646 12791 14227
2228 6951 7060 8065 8668 9870 10125 11022 12108 12649 12794 14230
2229 6952 7061 8066 8669 9871 10126 11023 12109 12650 12795 14231
2230 6953 7062 8067 8670 9872 10127 11024 12110 12651 12796 14232
5184 5195 10737 10748
5185 10738
5186 10739
5188 10741
5189 10742
5191 10744
5194 10747
5196 10749
5250 10803
1618 1620 1621
1619
2195 6918 7027 8032 8635 9837 10092 10989 12075 12616 12761 14197
2196 6919 7028 8033 8636 9838 10093 10990 12076 12617 12762 14198
1599
1601
1589
2181 6904 7013 8018 8621 9823 10078 10975 12061 12602 12747 14183
2176 6899 7008 8013 8616 9818 10073 10970 12056 12597 12742 14178
2235 6958 7067 8072 8675 9877 10132 11029 12115 12656 12801 14237
5199 10752
2210 6933 7042 8047 8650 9852 10107 11004 12090 12631 12776 14212
10367 10369 10370
10368
10354
5238 5240 5241 10791 10793 10794
5239 10792
5209 10762
