221
243
370
335
196
439
401
3
279
120
45
9
89
253
417
431
18
203
245
433
207
76
144
48
25
6
436
158
299
414
188
231
311
420
171
338
318
66
306
403
214
361
428
129
381
286
256
308
380
408
175
195
316
34
41
296
418
400
402
422
330
350
79
77
101
212
52
63
352
232
234
247
267
313
22
258
64
280
289
363
364
413
405
99
121
227
249
269
254
274
342
406
386
24
44
46
8
10
11
33
53
88
61
223
117
133
294
276
328
322
399
377
398
396
416
438
132
28
14
16
36
30
50
90
112
410
17
19
39
2
119
141
149
130
143
367
184
169
341
251
161
199
201
204
355
217
237
220
271
314
272
383
371
388
114
124
263
56
166
324
282
102
302
104
125
173
168
348
177
391
236
347
344
432
70
59
135
68
136
139
116
137
140
412
434
186
155
206
208
228
55
75
97
123
165
49
47
4
26
5
7
27
415
435
437
157
159
179
278
298
300
320
393
209
189
210
230
252
290
310
312
332
419
441
86
172
108
128
150
170
192
358
360
317
319
339
65
67
87
285
305
307
327
382
404
424
193
213
215
340
362
407
427
429
334
336
356
265
287
235
255
257
309
379
387
409
154
174
176
13
35
20
40
42
62
275
295
397
423
421
329
331
351
84
349
270
78
98
80
100
122
191
211
233
31
51
73
353
373
226
246
248
268
266
288
292
1
23
43
85
259
301
384
343
385
392
426
250
321
365
32
54
74
109
60
82
202
222
244
96
138
134
273
315
277
297
323
376
378
375
395
147
152
264
111
153
29
15
37
57
71
91
389
411
38
118
162
148
131
151
142
164
346
366
368
183
185
106
160
182
178
198
180
200
225
240
219
239
354
216
218
238
241
293
372
93
113
304
242
262
284
145
187
303
325
345
261
281
283
81
103
224
83
105
126
146
194
167
369
156
390
326
69
58
115
94
95
205
229
430
394
333
107
127
359
425
357
197
440
12
21
291
190
72
374
260
110
181
92
163
337
