2 5 9 12 18 20 21 23 24 28 33 34 35 36 37 42 44 46 48 49 50 52 61 62 63 64 69 72 74 75 78 80 81 82 83 84 85 86 90 91 92 94 95 99 102 105 114 115 118 123 129 132 134 136 137 143 146 155 158 159 160 166 167 169 171 175 176 177 178 179 180 187 188 191 195 197 200 202 207 209 215 216 223 226 227 229 230 235 241 242 245 249 253 255 256 258 261 264 269 272 274 276 278 280 285 287 288 290 293 297 299 309 310 312 313 316 317 318 320 322 324 326 327 332 336 339 340 343 344 353 355 357 358 359 362 367 369 370 371 373 379 384 389 391 392 396 400 401 403 405 413 414 416 423 430 431 434 438 439 441 443 447 453 455 456 458 460 463 466 472 475 476 478 494 496 497 500 502 503 504 510 517 518 521 522 525 527 528 530 531 532 535 536 538 540 541 542 544 546 547 550 555 556 558 565 567 571 573 575 577 578 583 585 586 590 593 596 597 603 606 611 612 616 621 623 627 632 636 639 641 642 643 645 648 649 653 657 663 665 666 668 669 672 676 677 678 681 682 685 687 690 695 697 699 700 701 705 706 708 716 717 720 722 728 731 741 747 754 755 756 760 768 769 778 780 782 784 785 790 792 797 798 799 800 805 806 807 818 820 821 822 824 826 827 829 831 833 834 839 843 846 851 861 863 865 866 870 873 875 880 881 882 885 886 889 898 900 901 902 908 910 915 925 927 930 939 941 943 944 945 946 947 952 953 957 958 960 966 969 970 972 976 977 978 981 985 987 988 989 991 994 996 997 998 1005 1008 1010 1013 1023 1025 1032 1033 1036 1039 1041 1042 1045 1048 1050 1053 1056 1057 1058 1059 1060 1061 1064 1073 1079 1081 1089 1095 1102 1108 1109 1110 1116 1118 1120 1122 1124 1132 1134 1137 1142 1147 1148 1149 1151 1152 1155 1156 1157 1160 1161 1165 1169 1172 1176 1179 1181 1182 1187 1195 1196 1199 1206 1207 1208 1209 1211 1217 1218 1221 1222 1225 1234 1235 1237 1250 1254 1255 1256 1258 1259 1261 1262 1263 1270 1274 1276 1277 1278 1279 1281 1282 1283 1286 1288 1290 1291 1294 1297 1300 1311 1312 1315 1320 1321 1325 1326 1327 1329 1332 1340 1341 1350 1351 1353 1355 1359 1362 1366 1368 1370 1371 1372 1374 1375 1377 1378 1380 1388 1398 1401 1404 1405 1406 1409 1412 1413 1415 1417 1418 1421 1423 1425 1428 1429 1432 1433 1441 1445 1447 1452 1453 1454 1455 1456 1457 1462 1467 1469 1474 1475 1478 1484 1486 1488 1489 1490 1492 1496 1504 1507 1508 1509 1510 1515 1516 1518 1520 1521 1523 1525 1528 1529 1534 1535 1536 1539 1542 1545 1548 1554 1568 1570 1571 1576 1581 1583 1585 1586 1587 1591 1597 1598 1600 1603 1604 1608 1609 1614 1615 1617 1623 1628 1640 1641 1642 1644 1645 1654 1659 1660 1661 1662 1665 1667 1668 1669 1670 1671 1672 1677 1679 1681 1683 1685 1696 1698 1699 1701 1706 1708 1710 1711 1713 1714 1719 1721 1723 1727 1731 1734 1735 1738 1739 1744 1746 1751 1754 1756 1759 1765 1775 1779 1780 1782 1785 1786 1790 1796 1799 1802 1803 1805 1808 1809 1812 1816 1819 1822 1824 1825 1827 1828 1829 1831 1835 1844 1845 1847 1849 1852 1854 1857 1860 1861 1863 1871 1873 1882 1884 1887 1891 1892 1893 1896 1902 1903 1907 1908 1915 1918 1920 1921 1922 1924 1925 1926 1933 1935 1936 1940 1941 1943 1956 1959 1969 1970 1973 1975 1979 1980 1981 1982 1984 1987 1988 1990 1991 1993 1994 1995 1996 1997 2000 2002 2004 2007 2014 2020 2024 2025 2027 2030 2036 2037 2052 2059 2067 2073 2074 2075 2083 2089 2091 2092 2097 2098 2105 2108 2112 2113 2115 2120 2123 2124 2125 2126 2127 2130 2131 2136 2144 2158 2160 2169 2170 2171 2177 2178 2180 2182 2184 2187 2189 2191 2198 2200 2201 2204 2208 2216 2218 2219 2226 2227 2232 2234 2242 2245 2246 2249 2251 2263 2270 2271 2272 2273 2279 2280 2281 2284 2285 2286 2287 2288 2292 2293 2294 2298 2301 2304 2307 2317 2321 2323 2328 2329 2341 2342 2344 2346 2348 2352 2358 2359 2361 2362 2363 2370 2376 2378 2379 2381 2386 2387 2388 2394 2395 2406 2407 2410 2414 2417 2418 2420 2425 2426 2428 2429 2432 2438 2440 2442 2445 2446 2449 2458 2459 2460 2461 2469 2471 2474 2476 2477 2479 2480 2482 2483 2487 2492 2493 2504 2507 2510 2511 2512 2513 2514 2517 2525 2527 2528 2531 2533 2539 2540 2541 2548 2551 2556 2557 2558 2560 2566 2567 2571 2572 2575 2581 2585 2586 2587 2590 2604 2606 2607 2612 2613 2618 2619 2621 2624 2626 2629 2633 2640 2641 2645 2646 2648 2653 2658 2659 2660 2664 2665 2668 2670 2675 2677 2679 2681 2687 2689 2690 2691 2693 2694 2699 2705 2709 2710 2714 2719 2720 2722 2727 2728 2730 2736 2744 2745 2746 2747 2751 2752 2754 2757 2759 2782 2786 2787 2788 2790 2792 2796 2797 2803 2811 2814 2816 2824 2827 2829 2832 2841 2845 2851 2852 2855 2861 2862 2868 2870 2872 2876 2878 2879 2881 2886 2889 2890 2893 2894 2898 2901 2904 2907 2910 2914 2917 2922 2923 2931 2934 2942 2943 2944 2949 2950 2954 2958 2964 2966 2968 2971 2973 2980 2982 2984 2985 2988 2998 3003 3005 3008 3010 3014 3015 3018 3022 3024 3025 3028 3034 3035 3036 3043 3049 3056 3061 3063 3069 3080 3084 3086 3090 3091 3101 3102 3105 3107 3115 3121 3123 3138 3139 3142 3148 3149 3151 3153 3154 3157 3158 3162 3164 3168 3171 3172 3181 3184 3190 3194 3196 3198 3202 3209 3210 3212 3216 3224 3225 3226 3227 3235 3239 3240 3243 3250 3252 3255 3256 3257 3258 3260 3276 3278 3280 3281 3284 3285 3289 3290 3299 3301 3313 3315 3317 3318 3321 3322 3325 3326 3330 3333 3338 3340 3347 3348 3352 3354 3355 3356 3358 3367 3368 3376 3377 3378 3379 3385 3386 3390 3393 3396 3406 3410 3411 3413 3418 3422 3425 3426 3429 3431 3447 3449 3454 3455 3456 3457 3458 3461 3467 3469 3470 3473 3479 3484 3486 3490 3492 3494 3497 3498 3504 3505 3508 3509 3510 3514 3515 3516 3517 3521 3528 3535 3536 3537 3540 3544 3545 3547 3551 3556 3557 3559 3564 3569 3570 3573 3576 3582 3584 3585 3587 3588 3589 3595 3598 3601 3603 3606 3609 3610 3612 3613 3616 3617 3619 3620 3621 3622 3623 3628 3631 3634 3637 3650 3662 3666 3674 3677 3680 3683 3690 3693 3696 3706 3707 3708 3712 3713 3715 3717 3718 3720 3721 3722 3728 3735 3737 3742 3743 3754 3761 3768 3770 3774 3777 3782 3783 3787 3791 3794 3797 3798 3801 3806 3815 3819 3820 3822 3824 3828 3829 3830 3833 3842 3843 3844 3846 3847 3852 3857 3858 3867 3868 3871 3872 3874 3876 3884 3888 3889 3898 3903 3906 3908 3911 3913 3917 3922 3923 3925 3927 3928 3931 3932 3940 3944 3952 3967 3969 3972 3973 3974 3975 3976 3977 3978 3982 3983 3985 3994 3998 4004 4007 4018 4019 4020 4028 4029 4033 4041 4044 4045 4049 4060 4061 4063 4064 4069 4078 4081 4091 4093 4097 4107 4110 4117 4123 4124 4127 4132 4133 4137 4153 4154 4156 4158 4163 4164 4165 4166 4168 4169 4170 4177 4179 4183 4185 4187 4189 4191 4210 4215 4217 4222 4228 4229 4232 4234 4236 4240 4245 4247 4249 4251 4255 4256 4260 4265 4266 4267 4271 4272 4277 4278 4279 4280 4281 4283 4288 4289 4291 4292 4294 4303 4305 4306 4308 4316 4317 4324 4327 4328 4334 4335 4338 4339 4340 4342 4351 4355 4358 4359 4360 4364 4368 4374 4385 4388 4389 4394 4395 4404 4413 4424 4434 4441 4446 4447 4449 4454 4457 4478 4479 4492 4497 4498 4500 4509 4513 4517 4520 4522 4523 4524 4527 4532 4535 4536 4540 4562 4564 4566 4574 4576 4582 4601 4603 4611 4616 4618 4621 4627 4632 4633 4637 4640 4649 4650 4651 4656 4657 4662 4664 4682 4685 4687 4692 4702 4703 4707 4717 4720 4727 4732 4733 4736 4739 4746 4747 4752 4755 4764 4769 4772 4778 4779 4782 4793 4799 4832 4834 4851 4854 4857 4873 4877 4879 4882 4888 4896 4898 4906 4921 4922 4928 4930 4940 4945 4956 4958 4970 4973 4977 4978 4980 4999 5002 5004 5009 5012 5018 5023 5035 5037 5043 5047 5050 5055 5066 5070 5071 5075 5088 5089 5090 5102 5110 5111 5115 5128 5134 5136 5141 5144 5148 5157 5183 5196 5201
6 7 14 16 22 31 38 39 41 45 51 53 58 60 67 68 77 79 88 96 97 104 106 107 108 109 112 117 124 127 130 131 135 138 141 147 154 161 164 170 174 186 192 193 196 198 199 203 206 208 210 212 214 221 228 233 234 247 265 266 268 277 286 291 298 300 301 303 305 306 308 311 329 333 334 341 350 352 364 375 380 382 383 386 395 397 412 415 417 420 421 426 432 436 452 462 465 469 471 473 481 482 491 492 505 511 514 519 524 529 534 548 551 560 566 568 580 581 584 587 589 591 592 598 599 610 620 628 630 638 644 654 660 675 680 686 689 691 692 694 702 703 704 709 714 715 718 721 725 726 729 732 733 735 739 744 745 751 753 758 759 762 765 772 775 786 791 794 809 813 816 819 835 841 847 850 854 856 857 871 874 877 905 907 914 916 920 922 926 928 929 931 940 948 956 964 974 980 983 986 999 1000 1003 1006 1009 1011 1014 1016 1017 1020 1024 1027 1035 1037 1040 1044 1046 1055 1066 1068 1070 1072 1074 1076 1078 1087 1091 1098 1099 1100 1104 1105 1106 1112 1117 1119 1121 1123 1126 1129 1130 1135 1136 1140 1145 1146 1162 1164 1166 1168 1174 1184 1190 1191 1193 1194 1198 1205 1210 1213 1215 1219 1239 1240 1242 1249 1264 1265 1272 1273 1275 1289 1293 1299 1306 1307 1314 1316 1323 1330 1335 1337 1343 1344 1349 1352 1354 1365 1367 1379 1382 1389 1396 1410 1422 1424 1430 1431 1434 1446 1451 1464 1466 1470 1472 1485 1494 1495 1497 1499 1503 1512 1513 1517 1526 1527 1532 1533 1558 1561 1563 1564 1574 1577 1578 1582 1588 1590 1594 1595 1596 1601 1605 1607 1610 1621 1627 1637 1638 1648 1652 1663 1664 1666 1676 1682 1686 1689 1691 1694 1697 1703 1705 1709 1715 1717 1722 1729 1733 1736 1742 1745 1747 1748 1749 1753 1757 1762 1763 1767 1769 1770 1771 1773 1781 1784 1788 1789 1792 1797 1807 1814 1832 1833 1834 1842 1853 1865 1888 1889 1894 1897 1899 1905 1910 1912 1932 1945 1953 1957 1964 1965 1976 1983 1992 1999 2009 2013 2022 2029 2031 2042 2044 2046 2047 2050 2051 2055 2063 2068 2076 2079 2080 2087 2090 2094 2096 2099 2103 2106 2110 2114 2116 2118 2122 2138 2139 2149 2151 2155 2163 2164 2166 2167 2168 2179 2186 2188 2192 2195 2197 2203 2205 2210 2211 2212 2220 2224 2225 2231 2235 2236 2237 2240 2243 2244 2255 2259 2260 2262 2269 2291 2296 2297 2302 2303 2314 2320 2326 2340 2343 2351 2355 2357 2364 2375 2380 2384 2385 2389 2391 2396 2400 2401 2408 2415 2419 2423 2443 2453 2455 2463 2465 2467 2472 2475 2481 2484 2486 2489 2490 2496 2503 2506 2509 2515 2516 2545 2546 2550 2561 2569 2576 2583 2588 2594 2597 2620 2622 2625 2631 2636 2637 2638 2647 2650 2652 2656 2661 2671 2672 2686 2692 2695 2696 2700 2708 2717 2731 2733 2735 2739 2749 2760 2762 2763 2764 2766 2773 2776 2778 2779 2781 2783 2789 2800 2802 2822 2823 2825 2834 2846 2848 2857 2866 2875 2877 2891 2899 2903 2919 2925 2927 2929 2933 2939 2946 2952 2963 2972 2975 2978 2979 2981 2986 2989 2991 2993 2996 3004 3012 3020 3037 3044 3051 3060 3082 3085 3089 3094 3095 3098 3112 3113 3124 3126 3132 3133 3134 3140 3146 3159 3160 3165 3166 3178 3183 3185 3192 3195 3215 3232 3236 3242 3254 3263 3286 3288 3297 3304 3310 3319 3327 3328 3329 3331 3336 3342 3343 3349 3351 3362 3363 3364 3365 3369 3400 3401 3416 3423 3430 3437 3440 3443 3459 3468 3477 3480 3485 3488 3491 3493 3500 3506 3507 3518 3519 3525 3526 3529 3531 3534 3539 3542 3546 3555 3561 3562 3566 3567 3568 3572 3575 3578 3579 3593 3608 3615 3626 3627 3635 3639 3648 3653 3654 3656 3657 3659 3668 3689 3691 3695 3710 3719 3726 3727 3729 3734 3738 3739 3740 3744 3751 3771 3775 3780 3786 3789 3792 3795 3811 3813 3816 3826 3835 3836 3845 3849 3856 3860 3864 3883 3885 3886 3899 3901 3904 3916 3919 3926 3935 3936 3942 3945 3947 3950 3959 3965 3966 3986 3989 3992 4000 4001 4002 4010 4013 4015 4027 4031 4036 4043 4050 4055 4059 4062 4070 4072 4073 4076 4077 4084 4086 4090 4098 4102 4105 4109 4114 4115 4116 4120 4122 4128 4134 4135 4144 4152 4160 4162 4171 4173 4175 4176 4193 4194 4212 4213 4216 4219 4227 4239 4244 4250 4253 4254 4261 4263 4270 4273 4286 4293 4300 4309 4312 4318 4326 4331 4333 4350 4352 4354 4365 4367 4372 4375 4376 4377 4380 4386 4387 4393 4398 4403 4408 4410 4442 4445 4456 4458 4459 4461 4465 4473 4488 4506 4507 4512 4519 4526 4533 4542 4553 4567 4584 4585 4592 4594 4598 4604 4607 4612 4614 4619 4623 4638 4639 4644 4647 4654 4668 4670 4671 4672 4673 4675 4676 4679 4693 4696 4700 4708 4711 4716 4723 4725 4738 4743 4753 4754 4761 4777 4786 4789 4796 4805 4812 4819 4841 4843 4858 4862 4872 4883 4885 4890 4894 4899 4902 4909 4910 4911 4916 4925 4927 4933 4938 4943 4948 4964 4965 4971 4981 4987 4989 4992 4993 5006 5021 5022 5025 5030 5039 5046 5062 5076 5078 5081 5085 5091 5092 5094 5098 5104 5112 5114 5117 5119 5123 5124 5131 5142 5155 5164 5168 5173 5174 5177 5189 5193
10 19 56 57 70 87 111 144 213 217 240 263 271 275 283 347 356 363 365 366 376 394 398 402 406 407 409 411 418 425 450 451 493 499 512 520 552 559 562 574 582 594 609 637 651 656 658 662 667 698 740 743 748 749 752 767 776 779 787 789 795 801 812 814 830 832 836 842 883 887 888 911 921 935 959 979 1012 1019 1026 1030 1069 1097 1103 1113 1128 1133 1139 1144 1150 1158 1163 1177 1189 1203 1228 1232 1247 1284 1301 1303 1304 1319 1336 1345 1358 1364 1381 1387 1392 1397 1407 1416 1427 1439 1450 1461 1482 1491 1519 1540 1547 1550 1553 1575 1579 1622 1636 1649 1658 1680 1693 1704 1707 1725 1726 1766 1774 1776 1787 1795 1818 1820 1826 1837 1840 1841 1856 1858 1862 1867 1872 1875 1877 1914 1916 1927 1929 1952 1955 1978 1986 2010 2011 2012 2015 2016 2019 2021 2023 2033 2040 2057 2066 2070 2072 2078 2101 2107 2133 2156 2174 2207 2214 2228 2233 2238 2256 2265 2267 2268 2275 2276 2299 2308 2315 2318 2319 2322 2327 2334 2339 2369 2437 2441 2450 2456 2466 2502 2521 2526 2530 2532 2535 2537 2543 2553 2578 2582 2589 2591 2592 2596 2608 2609 2623 2627 2634 2635 2643 2655 2697 2703 2723 2738 2742 2748 2772 2794 2804 2809 2810 2813 2820 2831 2836 2856 2860 2864 2869 2880 2895 2896 2900 2913 2918 2936 2947 2951 2965 2970 3009 3013 3026 3038 3047 3050 3057 3068 3072 3081 3093 3104 3110 3117 3135 3137 3155 3177 3180 3186 3228 3234 3238 3251 3273 3303 3312 3345 3359 3360 3382 3391 3407 3433 3434 3439 3450 3460 3465 3476 3524 3527 3532 3548 3549 3552 3553 3591 3597 3600 3643 3646 3649 3658 3673 3679 3686 3692 3709 3749 3752 3756 3802 3809 3863 3875 3915 3956 3960 3964 3988 3997 3999 4005 4026 4040 4071 4080 4106 4125 4145 4147 4155 4167 4204 4207 4225 4295 4301 4307 4311 4319 4349 4361 4362 4378 4391 4402 4405 4426 4453 4467 4475 4491 4501 4504 4518 4528 4539 4550 4551 4569 4580 4605 4635 4674 4681 4683 4691 4704 4715 4719 4729 4741 4815 4833 4861 4900 4917 4947 4983 4984 4991 5013 5077 5080 5086 5107 5135 5181 5192
13 15 65 93 98 189 190 205 244 257 292 321 325 342 360 387 388 422 437 446 468 474 477 486 495 501 506 576 617 624 626 659 661 688 712 764 777 853 855 892 923 936 965 968 992 1031 1034 1043 1052 1063 1080 1082 1084 1086 1170 1192 1214 1236 1322 1360 1373 1438 1442 1460 1483 1506 1630 1634 1646 1740 1752 1793 1848 1878 1879 1985 2005 2034 2045 2054 2119 2145 2148 2152 2154 2165 2194 2215 2217 2221 2230 2248 2254 2283 2300 2309 2310 2331 2333 2392 2433 2435 2470 2473 2523 2529 2552 2564 2602 2628 2713 2750 2765 2882 2909 2960 3001 3011 3083 3106 3111 3116 3130 3152 3163 3214 3253 3287 3293 3306 3323 3334 3337 3339 3357 3361 3395 3424 3452 3594 3625 3632 3645 3703 3724 3773 3840 3854 3859 3954 3958 3980 3987 4022 4054 4057 4079 4103 4119 4159 4192 4214 4325 4343 4363 4381 4406 4417 4438 4541 4558 4583 4646 4658 4690 4695 4697 4705 4734 4744 4788 4804 4838 4846 4918 4974 5048 5082 5105 5159 5172 5184
59 133 194 218 248 273 304 331 349 435 445 459 485 513 537 605 622 640 650 652 736 742 746 771 848 867 872 897 1029 1049 1071 1111 1131 1159 1167 1202 1216 1223 1231 1246 1269 1348 1420 1440 1448 1449 1524 1543 1629 1690 1695 1700 1798 1904 1923 1949 1950 2061 2086 2181 2209 2367 2404 2436 2478 2536 2547 2555 2593 2605 2651 2702 2707 2725 2732 2734 2799 2840 2859 2884 2941 2977 3027 3039 3077 3099 3128 3167 3188 3191 3217 3277 3282 3332 3372 3408 3487 3513 3563 3574 3602 3607 3618 3624 3669 3705 3748 3755 3785 3810 3837 3934 3970 3995 4012 4023 4056 4141 4196 4205 4221 4230 4274 4290 4302 4418 4455 4493 4694 4698 4712 4803 4818 4829 5041 5151 5169
27 121 225 250 252 390 549 711 868 933 1115 1224 1285 1287 1386 1459 1477 1479 1481 1811 1813 1968 2077 2338 2365 2424 2430 2444 2451 2497 2500 2559 2616 2839 2911 2912 2920 2987 3237 3267 3384 3462 3481 3614 3812 3957 4241 4371 4460 4563 4579
428 442 479 647 693 932 1002 1125 1183 1530 1546 1712 1810 1963 2161 2199 2282 2630 2756 2777 2849 3059 3161 3213 3605 3640 3800 4042 4140 4142 4341 4346 4608 4875 4934 5093
346 864 1185 1559 1972 3029
781 1618 3087 4941
1511 1913 2093 2892 3103 3799 3855 3968 4200
3380
2289 2412
381 4824
25 101 156 219 224 239 351 424 448 449 646 774 811 858 884 890 967 1004 1015 1313 1498 1778 1823 1883 1930 1954 2142 2258 2264 2447 2599 2775 2937 3016 3108 3136 3244 3409 3474 3670 3730 3736 3746 3831 4101 4150 4600 5053
8 11 89 119 204 222 337 345 399 516 655 852 893 984 1141 1154 1305 1324 1361 1369 1505 1606 1651 1741 1960 2018 2026 2065 2157 2250 2324 2549 2704 2994 3007 3041 3045 3174 3208 3814 3832 3841 4112 4310 4483 4624 4881
243 267 302 557 1153 1175 1252 1260 1390 1794 1836 1851 1944 2117 2135 2312 2354 2356 2427 2542 2847 2974 2990 2999 3055 3074 3436 3827
40 100 184 1850 1874 1906 2278 3066
153 1716 2737 3019 3201
4 29 73 254 483 509 563 601 633 664 815 904 1001 1007 1047 1065 1114 1200 1233 1331 1584 1720 1791 1800 1815 1843 1900 1909 1919 2053 2175 2176 2213 2316 2402 2422 2598 2833 2928 2940 3088 3125 3179 3399 3427 3446 3732 4264 4345 4593
1 47 110 238 246 262 279 419 457 484 507 523 579 604 671 674 723 724 766 770 788 817 828 837 845 894 896 899 937 938 949 990 1028 1054 1062 1067 1143 1171 1173 1180 1212 1268 1280 1295 1399 1402 1408 1414 1522 1551 1565 1625 1626 1657 1678 1688 1737 1755 1768 1880 1934 1946 1966 1967 2035 2038 2043 2081 2128 2132 2153 2222 2253 2360 2373 2398 2411 2457 2462 2488 2491 2499 2577 2663 2673 2685 2701 2706 2758 2785 2793 2838 2842 2874 2905 2935 2983 3021 3030 3046 3058 3119 3205 3221 3268 3274 3341 3417 3438 3445 3499 3571 3577 3586 3599 3611 3633 3644 3661 3671 3687 3725 3767 3796 3850 3880 3887 3953 3984 4075 4083 4096 4188 4224 4284 4287 4428 4643 4667 4955 5191
120 126 145 165 168 172 182 259 282 319 323 338 354 427 444 533 618 631 679 802 823 891 906 950 954 955 962 1075 1085 1197 1201 1227 1229 1248 1267 1296 1334 1356 1391 1400 1473 1602 1647 1653 1817 1839 1928 1989 2062 2082 2109 2134 2159 2377 2393 2524 2534 2562 2565 2584 2615 2617 2649 2657 2683 2711 2771 2784 2843 2867 2916 2945 2969 3048 3131 3141 3187 3220 3230 3261 3275 3309 3387 3392 3402 3412 3565 3580 3675 3747 3823 3893 3907 4011 4066 4174 4235 4243 4259 4314 4337 4487 4534 4642 4870 4924 4951 5014 5138 5188
122 139 142 148 162 185 231 237 289 330 429 440 470 480 498 508 539 553 561 564 572 608 838 844 876 913 918 919 993 1021 1096 1204 1244 1251 1302 1318 1338 1376 1471 1500 1552 1555 1562 1620 1635 1643 1728 1758 1821 1890 1971 1977 2162 2266 2347 2416 2495 2603 2610 2741 2805 2908 2992 2995 3062 3120 3127 3176 3231 3245 3247 3296 3371 3482 3647 3652 3723 3776 3804 3807 3897 3902 3943 3946 3961 4104 4136 4203 4231 4248 4431 4490 4511 4709 4710 4825 4859 4901 4950
157 220 307 410 489 554 607 629 683 719 734 808 840 859 878 982 1077 1101 1245 1687 1718 1760 1911 2088 2137 2335 2383 2397 2431 2485 2494 2518 2740 2795 2801 2807 2830 3033 3065 3223 3266 3298 3324 3419 3428 3466 3471 3558 3711 3758 3869 3951 3963 4065 4068 4157 4201 4246 4571 4653 4724 4742 5179
17 961 1346 1572 1761 3311 3375 3472 3636 3838 4037
66 295 545 684 803 1018 1383 1476 1732 1939 2100 2229 2290 2295 2464 2508 3193 3682 3699 3741 4416 4421 4808 4814
103 152 211 281 869 903 912 924 942 1241 1253 1806 2382 2601 2654 2753 3307 3448 3592 3834 3905 3920 3979 4874
3118 3189 4555 4864 4972
2405 2678 3079 3765 5198
4025 4440 4588
761
128 1038 2006 2769 3076 3929
43 368 372 909 1238 1328 1385 1531 1537 1544 1675 1750 1866 1869 2141 2311 2498 2544 2662 2957 3145 3175 3203 3279 3851
32 727 1243 1589 1783 1868 2003 2930 3092 3629 4197 4202 4242 4382 4430 4876
3745
4474
526 1022 1435 1538 1886 1937 2172 2448 2724 2808 2844 2902 3114 3170 3206 3684 3750 3764 3784 3803 3861 3933 4126 4138 4172 4226 4315 4400 4499 4508 4766 4775 4871 4878 5176
543 1342 1395 2257 2563 2817 2819 3793 3948 4108 4684 4936
2261 2538 3335 3533 4425 5150 5182
2568 4525 4678
1186 4730
4946
4929
3873 4543
1917 2060
5106
2768
4432 5019
3292
3435
4472
4617
4599
3233
5056
4089
634 1656 3211
515 614 738 1347 1619 1951 2069 2873 3023 3877 4370 4869 4982
2017 2305 3495 3762 3821 4429 4641 4666 4823 5065 5170
2104 2390 2421 3143 3890 3900 4407 4596 4784 4826 5072 5161
1107 3522 4209 4531 5146
4628 4768
4252 4409
1271 5147
1292 4630
3949
2350
2956 3366 4728
4130
2041
4699
4529
2812
4830
5044
4759
5194
3032
4880
4545
5197
1639
4348
5133
4323
5064
5034
4420
5096
4304
4904
4366
5113
4347
4206 4332
2821
4800
1188 3660 3879 4988
2239 3878 4199
2871 4856
5058
4557
404 467 1339 1557 1804 1974 2146 2247 2371 2409 2676 2698 2826 2906 3441 3442 3701 3760 3918 3971 3996 4008 4024 4030 4146 4151 4521 4620 4629 4689 4807 5010 5073
3229
5068
3638
55 361 569 710 804 862 917 934 1310 1624 2058 2102 2206 2332 2755 3052 3053 3415 3451 3630 3790 3881 4052 4195 4369 4549 4765 5057
5109
5195
3581
4990
2680 3272 3353 3688 4198 4223 4423 4931 4959
3002 3394 4665 5063
595 3156
5139
5017
3991
1426 2959
5095
4842
4767
1743
3182
3420
4659
5156
4802
4477
4373
5165
3071
335
1437
3853
4411
1560 4718
4058
4296
4468
4344
4548
4848
5100
4626
4503
4905
4419
4731
4895
3990
1317
4161
3262
1138 4985
4795 4822
3344 3464
5015
151 713 1480 2071 2085 2837 3097 3294 3308 3781 4258 5074
5008
1230 4396
4893
4949
3414
4570
3921
3894 4439 5120
4074
3291
3937 4021 4737 5200
2997 4356
4954
3543
3398
3478
4750
1961 1962 2614 2684 2967 3169 3993 4092 4111 4269 4397 4748 4903 4961 4995
975 3655 3962 4780 4863
783 4218
2718
951
4937
4722
3981
2806
5024
1357
393 1419 3054 3772 4186
4866
5101
4602
5178
232 260 971 1463 1593 1674 1885 2434 2715 2887 3295 3370 3496 3583 3604 3678 3757 3825 4051 4257 4444 4631 4821 4837 4963 5084 5087 5160 5185
1655
3246
2791
3714 5122
4276
4466
5118
1580 3017 4515
4129
1403 3733 3818 4994
4760
4771
4615
4017
849
294
5186
4559
2688
5116
4942
4914
26
4415
4979
2252
602
4357
3483
5190
5028
4714
4320
4884
4556
4237
3778
3590
4451
4966
4886
4609 4634 5083
5045
4552
2095
5140
4336
5166
4865
4944
5187
3463
3596 4773
3218
4085
2121 2953 2962 3100 3731 4238 4908 4986 5099
4889
4625
4322
1633
2372 3475 3664 4481
3667
296 1566 4082 4852 5033 5121
4208
4435
2501
1631
5051
2669
5016
3538
4392
4470 5026
4463
4810
2579 3248 4494 4686 4751
4469 5007
4099
4009
2850
4606
4268
3685 4669 5145
4412
3320
4275
895
1257
4957
5103
3249
4923
2143
1870 4482
4131
3938 3941
1730
4892
5038
796
5175
2885
4568 4868
3109
3910
5031
3512 4781
4471
4016
5153
4836
4502
3373 4384 4758
4794
793 1308 1465 3453 3805 3848 4554 4763 5126
2948
1220
125 2185 2667 2761 3219
284
314 2193 5079
1093 1684 4648 4735
1394 2520 4139 4809 4867 4891 4939 4975 5130
4976
2522
3403
2595 2644 3779
4835
4783
4591 5029
1931 2712 3405 5132
4797
4932
3302 3383 3523 4262
2921
1958
625 1724
1895 2853 3716 4182 4329 4756 4813 4887
4379
487 4514 4677 4897
4663
4484
4853
4220
3200
3700
4178
4589 5054
5149
4636
4422
3753
3264
1393
2611
5027
4806
4285
2032
3892
4849
4149
4437
3207
1569
4034
4787
4184
3073 4313 4613
1573
3314
1838
5127
1702 1864 2554 2924 3651 3895 4035 4039 4427 4530 4560
2721
4952
3550
4547
2570
3704 5036
4969
3222
3788
3909
2938 3914
4968
5171
1632
4912
5162
4095
4828
4121 4575 4962
1938 2767 4006
4595
4003
3067
4544
1549
2349
4014
707 4538 4590 5158
3866
4561
2726
730 1947 5129
5001
4390
3241
2815
2828
4046
5163
3444
2129
4817
2413
5011
2403
3271
4839
1501
4953
348
1487
3808 4840
3870
4622
5143
173 433 490 600 2573 2798 4516 4721 4935
588
2926
973 3150 3316 4118 4399 5005 5152
1411 3031
1514
1692 1777 4211 4495
2574 4998
2955
3502
4298
4546
4655
4996
163
5042
2865
1298 1673 2818 4088 4581
995 3006 3763 4816
4770
1443
2600
4537
4680
4844
3554
570
5049
2729
3096
3839
2674
4476
3404
670 2770 2858 4148
2366
3
4038
4688
4143
3197 4462
2196
635
2632
4489
5097
4321
2961 4578
773 1384 2039 3078 4847 5199
3265
2336
4776
140
4414
2716
3503
1088
3672 4745
5108
2325 3129 4565 4749
4792
1458 1592 1830 1859 2883 4452
2439 3641 4048
4926
183 3042 4586 4610 5000
4645
4433
4845
696 4774
3064
3939
4053
4967
2368 4330
4383
5040
3144
4706
1801
2353
1363 4297
4032
4100
4047 4067 4464
2337 5003
3865
2306 3397 3862 4233 4913
1226 1855 3432 3697
825 1616 3000
3269 4577
2345 3912
4850
4572
3759 5059
315 4701
4798
2008 3147
4726
1493
763 5067
4811
2084
2223
3270
3501
4190
4299
3374
3817
4401
5032
4597
2580
2780
3530
4661
4791
4997
76 113 374 1846 2001 5052 5137
879 1556 3300 3421
2048 4510
2330 3769
2888
1092 3070 3511 4827 5180
3663
4915
4920
5060
2190
3766
4353
4450
4713
4855
5020
5154
3350 4762 4960 5061
3665
2274 2897 3388 4087 4181 4757
2854 2976
2932
3199
4094
4505
2277 2666 4113 4785 4790 5125
378
488
1444
1611
2743
3882
4282
4443
4480
5167
149 251 377 385 619 673 1309 1599 1612 2028 2049 2056 2241 2399 2863 3075 3204 3283 3694 4485 4486 4496 4573 4831
1901
236 4860
54 71 408 615 750 810 860 1051 1090 1613 1772 1898 2202 2313 2452 2642 2774 3541 3560 3698 3930 4436 4587 4740 4801 4820
116 1942 3955 4660
3122
5069
3924
3305 4448 4652 4919
30 1127 1266 1436 1468 1948 2140 2454 2915 3040 3173 3346 3389 3489 3520 3676 3891 4907
150 181 270 328 454 461 737 757 963 1094 1178 1502 1541 1764 2150 2173 2374 2519 2682 2835 3381 3642 3681 3702 3896
201 1567 1650 1881 1998 2183 2639
464 613 1083 2147 4180
1333 2064 2111 2468 3259
2505
1876
