1683
3573
2890
2645
447
528
3973
2709
3835
5126
4254
491
4843
3491
3183
5193
1929 2019 2238 2634 3360
1649
2738 2965 3686
1144 1856 2643 2895
213 4225
1859
1726 2012 2057 2592 3524 3600
1616
1236
3432
2039
468 576
1092
4079
1226
3697
1111
2086 3607
4353
5059
1700
2888
349 1246 2941
2666
3237
933 1811 2987 3267
868 2424
4094
3614
2185
3197
252 2616 2911
1002 1712 2199 2777 2849 3059 3161 3213 4042
4915
2630 3605
442 479 693 2161
4735
647 1810 1963 4140 4142 4608
613
464 1083 2147 4180
454
2196
757
150 181 737 963 1178 1502 1764 2150 2682 2835 3381 3896
328 461
2173 2519 3702
3664
270 1541 2374 3642 3681
4139
4953
2454 2915
4809
781 1618 4941
1394
4489
2143
1511 1913 2093 2892 3103 3799 3855 3968 4200
3817
2522
1257
3866
1655
1801
1730
3464
4800
4706
4663
3380
348
796
4484
4016
3503
951
4100
4625
2289 2412
4471
5016
381
4415
26
2599
1778
4600
774 2937
4998
1883
449 1015 3016 3136 3736
2142
204 1651 2704 3007 3814 3832
2026
2157 3174
4624
8 119 852
3841
893
1305 1606 1741 1960
1390
1836
4149
1175
4606
2798
4935
267 1851 2312
973
5005
5152
4399
40 100 3066
3865
184 1850 1874 1906 2278
1777
2580
3523
3383
4495
5068
153 1716 2737 3019 3201
3302
1437
2712
601
1909 2176
2175
3179
3446
563
5191
770 2222
457
1880 2874 2905
3687
4379
899 990 1657 1946 2842 3274 3438
2701
2771
2109 2393 2534 2617
5138
2159 3387
427 3565
954
1197 1647 3412
950
3672
440 1244
231 289 561 913 1471 2416 3652 3776 3804
122 237 498 1302 1971 2495 2805 2908 3062 3647 3902 4511
330 1555 2347 3482
2995
4282
4178
554
157 2431 3324 3466
220 1687
808 840 982 1101 2137 3033 3471 4065
2335 2397 2795 2807 3223 3419 4201
2368
4547
307
4996
4037
2885
1493
2336
5195
3064
803 1018 1476 1732 2229 2295 3193 3682 3699 4416 4808
1333 2064 2111 2468 3259
1317
66 295 545 1383 1939 2464 2508 3741 4421 4814
4615
1567 1650 1881 1998 2639
1631
924 942 1253 1806 2382 2601 2654 3834
201 2183
152 211 281 912 1241 2753 3307 3592 3920 4874
4298
103 869 903 3448 3905 3979
3665
2505
5178
3118 3189 4555 4864 4972
4602
5198
2678
2955
2405
3765
4435
4440
4588
849
4942
4990
761
128
3929
2006
4866
1514
368 1328 2498 2662 3279
43 1544 1750 1866 2311 3851
1537 1675 3145
32 727 1243 1589 1783 1868 2003 2930 3092 3629 4197 4202 4242 4382 4430 4876
4842
4552
3745
5100
4474
4126
2448
4315
4499
4775
4766
3750
3764
3793
2817
1342
2819
4108
696
5150
3533
2538
4850
3207
5182
488
2568
4678
294
3753
5186
4450
1186
4730
4946
1393
4853
4929
1501
2349
3873
4543
2060
1917
4895
5106
5051
2669
2768
5019
602
4432
3990
3292
4129
4320
3435
4472
4617
4599
3233
5056
4731
4089
3211
634
1656
3877
2873
1619
1951
738
4370
5065
2305
4429
4666
2017
3821
3762
2104
4575
4121
3143
2390
4596
4826
5143
4017
3397
3862
3522
2306
5146
4913
4840
5028
3808
4787
3200
5122
4095
4622
4572
4714
5147
1271
3444
5011
3067
4810
1292
4905
5127
4630
5024
4218
1549
4003
1487
4626
4722
2350
4285
3366
4728
2956
5187
5045
4130
3909
5166
2041
4699
3502
4529
4802
5015
2812
5118
4830
3853
3463
5044
4944
4759
5194
3032
4797
4880
4545
4276
5197
5165
1639
4865
4348
5133
5190
4848
4323
5064
5034
4420
5096
4304
4904
4366
5113
4347
2239
5058
3501
5119
1339
3638
5109
3012
1853
3818
1403
4509
324
5139
4813
2959
3011
4818
3101
3564
3791
4308
2204
4815
3950
4026
1534
4733
3272
4632
4978
1864
4071
3778
4570
934
2058
4799
4634
1106
1876
809
3328
3185
4659
3291
4099
2190
5046
2906
2516
2317 3198
2968
4124
2747
3018
2510
3829
4020
5075
4265
4267
1554
1645
4757
710
4373
3680
5070
4654
5006
3459
487
4515
1499
3488
4629
786
2595
245
4750
3539
3936
3548
1674
4268
5001
5132
4591
4605
3630
4856
127
3848
3733
3688
2372
895
4954
2206
2986
3701
4760
2861
901
3002
4223
1691
1465
4392
2252
4794
3270
4947
3988
4886
4559
4867
206
4822
815
4937
3335
4437
3575
4401
2600
3495
3645
1838
4776
5189
2721
5035
1765
4737
1470
3945
404
1389
4844
3068
2913
1962
4918
4994
4107
1496
3690
550
3981
4641
1387
3875
3450
4713
4538
5107
296
2871
4397
5063
2832
4739
632
1462
2421
4468
4598
5092
2409
3716
5033
3879
3581
4419
4726
2954
569
3476
4052
1308
4620
4146
3308
352 628
772
3992
4720
4520
5009
3878
856
3437
3775
4767
4537
4074
3085
1316
170
4154
994
4882
2463
4043
4451
1702
55
4609
1290
2898
1721
3760
3271
4556
3625
4423
3353
3802
4765
5156
862
2948
4707
936
3071
1743
4858
2247
2826
5010
4512
4030
1996 2923
1013
1426
3401
4665
4058
5073
3991
3511
4988
1580
3729
904 1720
5054
1543
3344
4199
3921
4597
3667
3881
4411
4976
1684
3182
4344
4275
3264
4781
4477
2032
3246
4773
4548
362
2828
5079
3156
3809
4893
739
2210
4085
3420
2553 4311
2066
3997
5084
3031
4296
4546
1637 3845
5030
956
2235
2319
2723
1624
2543 2936
4238
1885
2529 3083
3993
80 1714 4457
1041
4183
3385
4621
322
978
3998
2925
2394
996
5201
4328
857
1872
2962
3965
4270
5022
2763
4636
335
4557
5040
5095
966
3621
4492
4470
2332
2102
2815
2403
3320
4332
3241
4036
2972
3314
2334
3052
5066
3783
1705
5131
3771
2773
4952
615
2680
3051
4516
2976
4595
3543
4400
4774
595
2684
2893
2304
2988
1569
1443
4092
5199
2967
4361
4590
4613
4680
4206
1632
5017
5069
3530
3512
3550
4568
2732 2734
3660
2837
2158
4283
236
4770
3218
4919
3097
2739
917
4507
3967
5140
3229
4966
3596
2360
2806
4763
2277
2733
4943
4897
2300
3779
5153
778
4677
3300
4184
1451
3248
4008
4907
1557
4979
4098
1550
361
3394
2918
1310
3790
2554
5057
3342
3999
4704
5117
2139 5025
732
1974
4521
5129
3169
3395
5162
5105
3709
4405
2749
4592
3918
4299
4839
2850
4768
4914
4743
467
1455
1286
1327
2633 4832
1736
4638
2237
412 1495 1905
644
284
3254
4911
3996
2192
4473
4676
4623
151
4155 4681
2920
4412
2884
4386
1804
357 2736
5136
1404
1188
4949
4237
2194
4371
2744
606
5103
4454
585
4012
4828
2919
4533
2834
4076
4198
2589
4032
1275
4523
5141
4161
4939
1193
4578
5158
2550
4445
1357
1931
4046
4493
5172
1125 3800
4067
3590
2296
5099
4581
2676
3700
2273 3467 3874
4771
3788
2688
2791
4884
428
4783
1138
4807
5031
4920
5181
4501
4014
2415
3938
5027
1832
3417
783
4514
4997
5067
1673
4829
4113
4999
4798
4297
4125
2169
4576
1022
4536
625
1270
2644
5168
4549
847 3935
1724
1961
4849
2899
4022
4806
683
2314
5124
20
3649
3604
2121
4967
4111
4995
4959
4863
892 3724 4705
2034
4482
888
1914 3180
5087
1593
4741
3696
3797
2144
1444
4701
4619
5085
4147
749
3295
4355
1592
4039
4821
4837
3129
4336
534
4326
1105
2494
497 741 2379 2613 3469
891 2615
1128 1795 2437 2466 2820
4475
3093
3589
3971
703
5098
4948
133 2605 4302
4463
3640
4923
2489
3017
196
471
4607
3451
1753 3160 3485
4872
3439
3478
2674
2413
3348
4193
4758
1573
4652
3319
4883
2520
715
3538
4791
2726
1049 1131 1202 3188 3217
1566
1879
4934
1408
4991
4860
2821
3374
2966
4563
3555
4751
446
3070
4182
4795
1559
4824
394 4391
670
2095
4817
4721
5021
4321
3061
656
1841
2387 3761
4001
574
4965
4628
4926
3995
248
5101
1692
4357
4655
971
3305
145 2565 2683 3141
1947
2997
2904
3895
3912
4322
1861 2272 2827
2027
4208
3199
5149
323 4235
3215
5154
4168
2715
115
1181
238 3577
509 1200 1900
4220
4789
5114
1088
2570
4823
303 598 1000 1323
3656
1762
3126
1895
2230
333 2933 2993
4693
4122
3442
72
865 1010 1118 3569
5148
4691
2596
4503
282 618 1391 1473 5014
1579 4467
3117
4369
3415
4252
271
4295
970
1512
2597
4689
3441
4931
4384
5083
3047
5086
2755
4846
4749
4734
4845
4718
2567
4374
4692
2571
2698
4341
5026
3653
4072
306
4173
1019 3460 3591 4005
1036
707
4195
4917
2932
3009
4561
5038
250 390 549 2559 4241
3147
3755
4038
1318
2439
4688
3312
2578
4318
2371
2614
3679
4051
3678
4422
2084
4912
4131
4151
4862
4408
1298
5032
2569
3934
273 848 2367 2547
4448
3044
1043
3265
4510
4567
3414
1367
850
4790
3053
4855
4024
3249
1560
2202 2642
4891
5130
4960
2193
3430
393 1419 3054 3772 4186
4233
3900
4811
1901
654
1074
494
2756
3529
4219
4413
2501
3958
165 1201 2945
635
65
1571 2358
433
2632
804
604 1678 2673 3850 4643
2033
2101
1287 2500
1814
886 1973 3368
4762
30 1127 1948 3489
3825
3966
744
3089
4000
2353
3222
4053
2085
3955
4835
505 791 1889 2259 3343 3477 4135
4899
3668
588
4145
2865
1703
1205
3519
3695
2671
301
3726
3792
4686
4087
622
2687
4407
4447
1601
2146
3109
692 2269
4786
5081
825
2818
3006
3870
2532
2611
5093
1164
3819
2434
5123
2718
3373
4144
5121
3081 3177
2156
1373
4417
3562
4612
1611
2366
589 1299 1344 1953
2163 3098
45
1842
2224
1854 2914
2658
2938
4754
3613
5159
1 674
1450
4745
568 1219 2031
2223
4330
2926
5077
262 507 2398 2983
5049
1834
2921
36
1715 2364 3263 4403
687
193 1239 1561 2114 3112 4777
2048
5200
3757
4306
3170
3370
4981
3434
2784 2843 2969
587
1817 2867
3882
4645
855
2857
126 962 1267
745 758 3095
1040
5008
1904 4221
1530
5020
4021
4974
4565
3144
3949
3781
3294
4257
4670
4258
4633
3714
4466
617 968 992 1080 3424 4646
4748
1230
4788
418 562 935
3583
4269
409
662
5160
2716
4531
481 1945
2622
1745
3023
5116
4962
5161
4957
660
4176
5164
474
2579
2887
4985
3073
2743
183
2810
4406
2148
4476
4875
1682
4327
79
1546
3251
2402 4593
3904
1556
1553
2129
767 1304 2308
2780
4816
260
726 3037
1480
4963
4660
5007
162 838 1096 2603 3897 4104 4709
2134 3309
1324
1937
3803
4525
3483
3749
3914
5097
3910
3046
1399 2758 3021
1796
4377
2324
2830 4571 4653 4724
1466
3351
2811
450
4365
4744
314
4414
5039
2400
713
836
5185
2119 3163 3334
3939
402
1363
3937
3388
4900
3597
4502
168
734
3960
247 305 2647
3916
1099
4346
3421
1348 1448 3602
1752 2165 3293 4438
1855
5175
2325
3496
6
2927
142 185 4231
4518
1798 2651 2702 3372 3487 4418 4712
1107
2051
4434
3403
485 1167 2799 3563 3748
3282
4674
512
406
5029
3594
3452
5163
130
2071
2243 2717
4894
1031
3759
519 762 1091
2008
4167
4669
4903
725 914 1563
4383
3703
853 923 2045 2564 4214
3042
4469
3078
3166
4961
3812
4390
736 1449 2404 4205 4455
2582
926 4723
3752
817 949 3030
17 961 1346 1761 3311 3838
832 1158 1575 2015 2315 2794 2836 3692
1936
14 580 1352 1379 3648 4380
5091
4192
3350
1888
4708
3641
5167
2854
2016
658
5060
4082
4444
1766
3941
1524
2984
3890
376 1774 1818 1877 2078 2502 3465 3673 4349
4427
3763
4088
182 2082 2562 4011 4314
3262
5171
4589
3111
4211
4409
514 2116 2179 2195 3468
5174
3773
5180
489 629 878 2518 3758 3951
984 1141 2994
5177
2040
4494
4836
5125
1269
2154
232
1572 3375 3472 3636
2261
2880
4586
1565
160
679
2043 2499
5170
1184
4870
459
4827
316
1068 2122 3856 4286 4367
3080
1266 3676 3891
582 2275 2896 4106
609 1397 1986
1799
4439
793
1707
652 2478 2840 3618
3892
4505
4661
4892
1865
5076
975
3655
3962
4356
4780
995
5072
1204
4464
4987
5041
140
3685
3574
4056
4785
4698
3766
4433
748 1345 2256 2809 3234
3123
360 1360 2523 2882
552
813
559
3404
4209
435 1440 1629 1949
3663
3549
4569
108 4354
5192
1436 1468 3040 3346 3520
3013
4410
4964
1121
1463
3860
210
4697
93 98
4040
1284 2299 2521 2703
2419
1245 3558 3711 4157 4742 5179
2069
2411
501 1460 1506 1793
47 788 894 896 1295 1688 3661
4006
1115 1386 3462
3087
178 1668
937 1062 1143 1173 3268 3599 3611 4096
3398
4396
2248
4023
773
5184
2858
3072
2883
1870
5145
955 2524 3131 3580 4951
4933
2455
4784
263 2456 4204 4729 4833 4861
3029
4544
3152
614
4009
41 1526 1781 3689 3885
1519 2233 4426 4453 4719
646 1823
4508
1307
1446
3534
3405
2135 2847 2990 3436
1347
814 887 1012 1704 1927 2831 2947 3643
1414 4287
1833
4134
607 859 1718 1911 2088 2801 3428 3963
1950 2859 3191
4313
3001
1240
2118
1119 1686 1910 2149 2167
1434
451
2685 3341
2672
1972
898
1285 1479 1813 2451 3481 4579
4648
3704
70 1163
87
860
1220
2761
719 1077 2383
3863
1065 2833 4264
3894 5120
1458
3003
1090 2774 3698 4820
4057
3475
3658
864
4481
3930 4587
4216
378
2602
3116
4261
515
2011
2042 2380
331 771 872 1071 2209 3027 3099 3513 3705 4290
172 802 2062 3823
4143
1792 1992 2009 2255
4528
25 3409
763
1794
3948
33
1029 2725 3128
2473
116 1942
3901 4488
4975
212 2166 2631
19 979
3869
445 2707 4141
1582 2068
1485
2546
5151
4631
3651
190 764 1086 1740 3287 4363 4804
266
1760
4035
1322
1658 2339
2441
4583
1411
2140 3173 3389
1780
325 2217 2283 3306 4541 4838
2077 2444 3957 4460
667 789 2450
111 1232
4452
600
4443
217
363
4986
1846
3669
4889
4756
730
4480
3100
4102
5078
470 564 844 918 919 1251 1620 1728 3245 3296 3371 4248 4901 4950
3727
3924
5013
2853
879
4924
684 2100 2290
27 2912
1376
342 506 1063 2054 3130 3253 3632 4054 4695
244 661 2331 2470 2765 3337 4119 4343
4887
97 380 1769 3349
1075 4534 4642 5188
570
120 3261
1653
2023
356
867 3785
1312 3347
1439
4610
4982
2961
671 2577 3205 4428
4868
776 3110
4425
4852
837 2035 2132 3571 3725 4075 4667
2609
3886
2839
4207
4932
624
1633
1483
2729
4112
4047
2254
218 640 897 1216 3277
1958
4329
2552
4118
1335 2047
3058
1260 2974
3220 3392
4159
408
3122
3219
537
4715
2953
3987
11 3208
3554
579 3221 3796
2337
148 539 1977 2266 3723
1067 1737 2081 2488
4462
139 480 508 1338 1500 1552 3120 3127 3807 4431
742 1223 2555 3332
1967 2253 2785 3767
3805
5042
1280
3443
125
1093
2667
3624
711 1459 1968 2338
533 2657 3907
3125
4025
553 1021 1643 1821 3247 3946 4825
321 688
2846
5173
2257
149 251 377 385 619 673 1309 1599 1612 2028 2049 2056 2241 2399 2863 3075 3204 3283 3694 4485 4486 4496 4573 4831
419 723 766 3644 4224 4955
338 1334 3048 3187 4337
1268 3671
259 823 1229 1296 1989 2649 3275 3402 3675 3893 4174
3684
2989
4262
2778
3887
516 1154 1361 1369 2018 4483 4881
4936
5003
2345
3361
3933
608 1562 2741 3176 4136
319 354 1400 2584 2711 2916 4066 4243 4259 4487
424 1498
3839
2174
429 572 876 993 1758 2162 3231 3943 3961 4203 4490 4859
4968
4969
5036
225 1477 1481 2365
3065
484 1054
1331
1024
1791
1815 1843 4345
15
637 1540 2369 4539
650 1159 2536 4196 4230 4803
1886
71 2452
750 4436
810 1613 1772 1898 3541 4740
1051
2313
828 2935
1558 4393
2128 2153 2462 3119 3499 3953 3984
4869
113
286 375
366
477 1848 2713
511
2181
787
54 3560 4801
2977
490
2573
2574
3316
1899
96
121 2497 3384
720 3005
932 1183 2282
2038
4190
3150
163
3113
10 743 795 801 1177 1301 4491
106 1422
124
1231 1690 1695 2593 3077 3408 4694
1635 1890 2610 2992 4710
1955
3359
5135
425 752 1916
156
407
631 1928
1028 1212 1551 2457
1630
557 1153 1252 2356 3055
1203
2767
4585
422 965 2221 2433 3214
3646
313
718
1133
2106
2208
2348
2449
4010
4240
101 1004
372 909 1238 1385 1531 1869 2141 2544 2957 3175 3203
493
2625
2724
4172
389 952
548 1773
265 759 2453 4333
651 883 2072 2267 2526 2697
1117 2443
1382 1594 2231 4160
1416 1680 3238 3273 3553
334 2576
2860 3038
53 2764 2891
58 680 1314 2496
194 304 3167
465
499 1228 1636 1858
513 1420
581 2996 3989
2343
2655
3026
3826
4449
1044
1763
2355
31
275 1840 2530 4301 4362
387 1438 1634 2628
811
1336
1505 3041
2322
3730
416
437 712 2333 3357
1767 3242
2004 3540
2823
2886
2897
9 359 558 1847 1873 2014 2226 2493 2586 3479 3666 3683 3906 4256 4266
60 382 426 922 1497 1578 1729 1932 2735 2762 2939 3132 3297 3369 3744 3816 3899 4162 4171 4213 4398 4604 4738 4989
64 1274 3847
1581
1137 4478
4582
2075
4236
4253
4389
4560
4656
4906
4993
186
584 1472
1222
1671
4902
135 916 2076
268
364 2637
388 2005 2152
1026 1427 1622 2276 2804 3155
1224
1337
2960
4984
110 1522 1934 2793 2838 3586 3633
257 292 486 1034 1442 1646
870 2572 2585 3461 3619
1588 2656
410 2485 2740 3266 3298 4068 4246
586
777
1272
1464
2197
2864
2929
3096
4309
4378
4716
3813
177
283
365 1303
3518
5061
1129 4015
1701
1952
1957
1980
2099 2203
2924
3795
3947
1082 3840
1595 4059
2207 2627
2318
2620
444 1356
523
199 999 1770
346 1185
3186
473 1747 2981
733 854 1215 2063 2351 2760 2789 3165 3864
779 2635
1192 3980 4690
3286
4402
13 659 2215 3106 3954 4325 4558
302 1944 2117 2354 2542 2999
907
1094
436 2475 3546 3657
57
1265
1938
200 1775 2288 2612 3139 3276 3358 3852 4359
347
520 1392 1693 1837 1862 2623 2813
830 959 1030 1150 2010 2772 3228
1623
2730
2770
3345
4908
5043
5071
740 1776 1787 3104 3756 3956
1027 1431
1478
2408 4909
2909
3731
4350
2436 3039
4812
1320
2046
2091
2903 3060
3608
686 1983 2822 4152 4506
4878
2902
4138
4226
526
3206
2172
2563
2373
3000
1395
2706 4188
2549
1247
173
3474
104
495 1878 2145 2392 2435 3854 4103 5048
754
1016 1784 3719 3739
1162 2188 2802
1214
1568
2979
3310
2490
698 1820 2327 2742 2951 3527
765
882
1103 1189 4551
1149
2107 3382
2138 2262 3849
2527 2949
2588
3738
147
543
866
964
3015
884
234 2103
3545
1860
4031
4381
1011 4594 4700
2053
5000
2391
4847
88
2472
2218
605 3810 3837 3970 4274
3859
3178
4077
1503
39 68 298 383 386 452 482 877 940 974 1136 1365 1430 1517 1577 1648 1664 1807 1894 2211 2481 2509 2686 2700 2781 2800 2825 2875 3232 3362 3400 3423 3507 3561 3578 3691 3942 4002 4090 4194 4239 4387 4458 4668 4796 4927 4938 5062
117 308 729 1072 1306 1788 2636 2696 3659 4062 4442
132
269 1372
311 2050 3364 3525 4263
443 1423
472 546 649 1142 1604 2059
2471 2786 4137
731 2429 3824 4522 4921
2942
1326
1576
1652 1694 3133
1808
2650
399
4925
4983
1249
3447
709
5053
842
3079
2396
1748 2848 3531
78 522 695 2131 2878 3256 4303
5108
174 432 691 3786
2384
3140
2869
3269
243 2427 3074 3827
337
2258
59 746 1923 2061
189
219 3670
655
3114
1100 2503
2013
2514
29 1800
2087
107
724 845
5055
1047 1919
1110
123 1380 1388 2271 2710
230 2002 2943 3164
1515
1849
676
735
769 3425
881
1208
4554
1508
1997
2125
3149
3194 3713 4245
3889
4394
5104
5115
1755 4284
3769
5052
22 277 702 1123 1757 2044 2385 3500 4672 4971
69 343 538 728 3069
92
1289
689 4227
4034
2528
2691
3050 3433
3490
76
374
2001
2330
5137
67
240
462 4013
1166
1273
1660
3871
2274
4181
1006 3094 3331
2558 2619
233
3710
3986
3521
1733
1190
1607
1789
2073
2418
2946
3020
3146
3915
4080
2430
3134
3407
138 329
300 492 2506
1697 2080
2766
4504
906 1085 1248 2377
285 1490 1819 2120
591 1513 1742
980 1046 2423 2991 4461
1209
1255
1358 2265 3057
1362
51 2291 2692 3780
73
496
794 1112
1381 1867 4319
1725
1978 2970 3137
2537
5112
566
3377
819 2695 3329 3542 4526 4675 4761
931
1875 2608
4073
4084
1194 2357
1999 2661 3627 3883
2561
4980
2124
131 3526
2092 2852 3181 4627 4682 4732
291 1213
318 596
413 1152 1475
551
560
1210
1160 1504
2220
2950
4530
3303
16
141
208 1596 1621
246 1768 1966 3445 3880
411 1069 1826
417
871 2731
890
911 1113 1461 3532
1384
456
3836
1533 2029
2750
3603
1038
3244
3456
3010 3815
38
3235
279 1171 1180 4083
350 986 2776 3004 4055 4128
463
597
714 2236 2297
874
989 2824 3715
2205
1135
1283 3084 3411
1453
1672
2240
2782
3304
4212
89 345 2250
610
1264 2389
2769 3076
5169
28
81
137 297
192 1104 1663 1797 2055 4519
938
960
1009
1020
1354 2486 3327
1364
1402 2491 2663
2022
2245
4148
2660
2681 3932
4524
4580
4644
4300
351 2775 3108 3746
4150
239 2447
2264 3831
222 2065 3045 4310
1037
1564
1227 1839 3230 3747
3732
3365
2244
205 626 1084 1170 1985 2309 2310 3323 4658 5082
1930
56 144 1139 1491 1547 2228
1924
3654
483 633 664 1007 1114 2940
315
812
1319 1407 2021 2070 2133 2268 2748 2856 2900 3391 3552 3964 4683
2151 3082 3124 3740
920
438 997 2180 3925
753
1293
1349
1602
2293
2465 2783
2598
3416
3572
4086
4372
2535
594 4550
1410
2214
1256 2321 3090
1174
1734
3811
5111
1330
2759
4857
1638 2168
3593
1590 1610
1677 2480
1995
2461
3919
2096
1603
3034
3480
4465
341 1168
3135
3568 4050
7
599 1055
102
1964
669
1003
1058 1176
1126 1198 1532 2303 2401
1538
2164
2340
4048
77 1494 1527
191
682 3634
967 1954 4101
1146
2079 2515
4702
3280
4271
4456
4871
48
2484 4673
1001 2316 2928 3088 3399 3427
1689
3014
35 312 1057 2007
529 4584 5142
1052 3339
1374 1401
3288
3440
4375
4601
4910
4 2213 2422
1959 2089
3154
3639
668
1398 2751
983
3486
3926
2216
694 3195
1233
4307
420
2212
1809
3635
4540
5074
396 540 1211
517
843 3994 4069 4185
939 1993 2201 4479
1676
216
1897
3355
3
203 1749 3579
224 858
458 2171
469
1179
1435
1584
1754
2320
3028 3911 4019
2638
3236
3784
4364
154 1078
197 310 1719 3528 3616 4251
221
353 1156
398
1242 3336
1625 1626
2352
2378
2808
2870
3363
421 2978
921
1482
592 1627 4115
2323
1965
4792
2074
2467
2952 3159 3493 3566 4725 4819 4890
254
503
228
1467
2483 4879
161
395 1014
948
2123
5155
577
721
2381
4753
2641
4657
1045
1343
1717
2432
2975
439 2160 2187
2629 3908
4841
4922
775 905
821 1982 2414 4247
2482
3922
34 1583
3806
2877
1017
1830
2591
3151
3615
2361
2575 3172
3102
3626
4250
4273
4687
4639
4293
1882
2426 2557
2583
1353
3898
4027
532
816 1145 3959 4109
2958
4517
158 293 1196 4158
4446
4873
1169 1329 1516 2036
4210
4249
4352
403
3734
1332
2705
3567
1641
3861
4684
977
164
3299
4165
83 541
226 2459
1941
2708
105 155 829
235 3535
4116
797
1433 1827 2790
1542
2090
3453
4368
4441
198 214 620 1605 2866 4331
590
642
675
861 2757 4793
1120
1313
2901
3595
3787 4977
4527
112
400
1087
1666
1727
1746
2440 3290
3393
5196
2362
84
415
448
1172
1425 3536
1489 4217
1852
3158
3454
3789
4727
3250
3322
379 3086 3504
414 1056
1706
4711
5002
280 1474
535
1042
1064 2980 3313
1161 2030 3142
1370 1488
2675
2551
5080
593 4166
928 1035 2186 4120 4175 4244 4553 4992
1355
1708 1825 2284 2841 4049 4117
1892
3708 4170
4542
4679
722
4459
1723
3623
3718
1396
1816 3243 3717
2363
2566
3494
2487
143
431
800
1048 3115 3842
1050
2844
4611
1984
3210
86 3035
460
2545
2728
5176
391
1415 2177
1429
4614
4618
2136
1670
2907
3606
3751
524 1574 2225
885
941
1412
2797
638 1140 1191 2260 2375
1130
2406 2513
3354 4956
4696
5110
639
1073 1109 1122 1366 1492 2301 2407 3105 3622 3931 4294 4498 4603 5004 5023
2286
3868
4577
370 902
678
2279
4671
4105
215
1032
3858
1097
1277 2292 2298
1424
3617
4110
4114
4635
4896
49 3321
1642
332
405
455
518 1640
525
565 3728
623
663 1417 3063
704
799
1520 2126 2251
4091
2652
2779
3833
4164
4513
4647
52 95 2894 3390 3559 4232
530 2112 4662
2460 2492 3008 3184 3903
2931
3612
397 1098 1722 2326 4376 4885 4916
2540
1288
1413 2752
3830
4163
74 3944
3318 3754
3662
4664
616
61 1102 1294 1786 1970 2745 3742
4703
12 1187 1378 2792
46 1235
167 708 1803
202 1921 1943
5144
701 1033 2285
760 1659
1925 2719
1933
3289
4078
5157
223 340 1039 1165 1454 1698 2328 2533 2665 2679 2690 3977 4033 4385
276
873 2998 3260
94
1182
3927
258 641 2624 3846
327
863
2851
3820
478 1679 4004 4305
521 4187
1206
1805
5094
567
3857
2127 3457 4717
62 85 827 834 1023 1665 1940 2052 2344 2694 3121 3352 3356 3843
90 1279
4340
188
290
339 1221 2590 2881 4132 4335 4746
571 1586 2446
756
1217
3610
4497 4566
4805
573
1709
4338
434 1199 2189 3449 3508 4229
578 2198 2754 3798 4851
648
880 1713 2973
2803
2787 3326
4316
4532
835
1405 1617
1667 2541 3418
4028
3227
3413
544
818 1351
1644 4317
4018
945 1134
1375 2294 4564
681
2098 3576
755 1005
4280
798 1207 3556
4289
822
1148
5090
1907 2855 3196
1263
1278 3510
1282 3239
1529 3770 4279
4736
2227
3240
699
1315 3515
2722
1350 1711
831
1409
2511
256
807 3544 4215
1428 1903
1545
2410
4260
75 700 1597
4153
4277
1432 1744 3386
3225
3506
1108
1447
1523 2417 3650
1991
4278
5128
384 502
2910
1225
1518 2668 3410 3426
1539 1857 3148 3917 3985 4291 4324
2560
3940
4272
531
3278 3315
209 3517
4930
2 900 3340
309
2110
3537
3801
3628
4747
3983
5037
3301
4395
24 889
690 1321
4127
5012
3777
4898
1598
2113
1371
63 1291 2386 5089
657 1699 2618 2868 4222
1095 1147 1902
5047
207 4255
171
2876 4081
5088
1585
287 3720
91 136 453 653 1828 2270 3735 3828 3872 4945 4970
2342 3049
2395 3431
2788
969 2512 2548
3396
179
118
998 5183
3637
2604
2621 4424
229
1276
272
839 1628 2664
2020
441 2246 2329
3774
369 3768
2879
627
3822
672
4973
536 1685 3333
925
1457
2024 4041
1884
1975 3585 3867
3216
4191
4500
1281
4854
976
4388
1076 2594
677 910 1456 1521
991 3677 4281
3952
4779
706
841
782
957
1060 1406 2184 2982 3557 4334
2670 3338
2814
4752
1340
4834
3157 3171
180
367
1262
1548 2474
3722
242
805
2105
2469
4535
1615
1445 2727
527
241
1779
4649
4772
109
630
1751
2816
475
929 2963 4070
1469
1896 3056
1756
1759
4007
4061
1802
1061
1922
1237
4958
5102
2829
187 1259
336 1509 2191 2607 3212 3226
2606
114
780 2025 2232 2287
2917
3514
3876
1771 3192 4312
3978
4044
146
2517
4045
987
4177
5018
1132 3484 3601
4342
1681 2178
2476
3422
4764
1994
5050
1300 3547
915 3570 4063
1591 2889
1822 2659
23
697 790 1484
3036
1418 1979
1976 2155
1452 2067 4360 4562 4778
4755
2646
1116 1824 2479 2714 3972
3376
2000
1008 2556
5 2341
50 1089
2477
1956 3844
2648 2699
44 833 875 1614 1669 1908 2281 2587 3209 3252 3406 3455 4358
82 1325 1935 3498
958 1155 1739
129
2653
3707
784
1254 1735 1812 3168
1918 4404
4940
2539
2964
4029 4637
37
175 824
645 2971 4189
373
2693 3224
3674
4574
3976
972
134
510 1059 1926 3782 3913
159
2746
299
930
947 1368
3609 3982
751
1250
1124
2531
3516
3884
1528
3107
169 1981
1893
4228
4292
2130
1829 2359 3378 3582
176
1845
2182 2249
4351
1863
806 1844 3458
611
1359 2219 3794 4064
2504
1261
953
264
476
3258
792 820 1535 2442 3379
1421 1969 2626
3330 3367
3584
2507
288 2420
3153
344 846
2037
2872
392 2376
555
1990
665 768 988 3492
249 785 1662 1790 2108 3587
1081
1887
4123 4928
1654
3712
5134
603 1661
1920
1157 2200
612
851 2581 3470
666 1311
2985
2862
3551
3281
3025
3505
166
943 944
1891
583 1536 2445
2242
2944 3284 3888
3631
3721
3509
253 1025
2640
274
1510
2720
430
1710
1195
2307
2458
1507 1835
1696 2170 2280 2370 3024 3473 3497 3969
3162
504 1608
826 1738
2094
3620
21
1218 4339 4685
1258
358 3429 3737
4769
227 355
685
2302
2677
3706
3975
1609 2438
1066 1070 1912
42 1587
4097
621 717 4179
4877
1297
3923
1987
2388
2083 3743
4234
99
3693
320 423 946 1731 2796 2845 3091 3190 3255 4156
2525
3202
643 1915
3043
1525
401 2425
1079
3598
542
3138
1831
3317
927
705 747
1486 2346
4060
3257
1871
195
1782 4093
575
1234
3022
1377
18 326 1441 1785
4651
3974
317
4169
1053
1600 2097 2689 2934 3588 3928
278
716
1570
556 1151 4616
2115
255 2263
261
547
4782
4133
371 466 500 908 2922
3325
636
2428
2234
4288
4640
1988
981
985 3285 4650
1341
4888
