2 3 5 6 7 9 12 14 16 18 20 21 22 23 24 28 31 33 34 35 36 37 38 39 41 42 44 45 46 48 49 50 51 52 53 55 58 60 61 62 63 64 67 68 69 72 74 75 77 78 79 80 81 82 83 84 85 86 87 88 90 91 92 94 95 96 97 99 102 104 105 106 107 108 109 111 112 114 115 117 118 123 124 127 129 130 131 132 134 135 136 137 138 141 143 146 147 151 154 155 158 159 160 161 163 164 166 167 169 170 171 174 175 176 177 178 179 180 186 187 188 191 192 193 195 196 197 198 199 200 202 203 206 207 208 209 210 212 214 215 216 221 223 226 227 228 229 230 233 234 235 240 241 242 245 247 249 253 255 256 258 261 264 265 266 268 269 271 272 274 275 276 277 278 280 283 285 286 287 288 290 291 293 297 298 299 300 301 303 305 306 308 309 310 311 312 313 316 317 318 320 322 324 326 327 329 332 333 334 336 339 340 341 343 344 350 352 353 355 357 358 359 362 364 367 369 370 371 373 375 379 380 382 383 384 386 389 391 392 395 396 397 400 401 403 404 405 407 409 412 413 414 415 416 417 418 420 421 423 426 430 431 432 434 436 438 439 441 443 447 450 452 453 455 456 458 460 462 463 465 466 467 469 471 472 473 475 476 478 481 482 491 492 494 496 497 500 502 503 504 505 510 511 514 517 518 519 521 522 524 525 527 528 529 530 531 532 534 535 536 538 540 541 542 544 546 547 548 550 551 552 555 556 558 559 560 562 565 566 567 568 571 573 575 577 578 580 581 583 584 585 586 587 589 590 591 592 593 596 597 598 599 603 606 610 611 612 616 620 621 623 627 628 630 632 636 638 639 641 642 643 644 645 648 649 653 654 656 657 660 662 663 665 666 667 668 669 672 675 676 677 678 680 681 682 685 686 687 689 690 691 692 694 695 697 699 700 701 702 703 704 705 706 708 709 710 713 714 715 716 717 718 720 721 722 725 726 728 729 731 732 733 735 739 740 741 744 745 747 749 751 753 754 755 756 758 759 760 762 765 767 768 769 772 775 778 780 782 784 785 786 787 789 790 791 792 793 794 797 798 799 800 805 806 807 809 812 813 816 818 819 820 821 822 824 826 827 829 831 833 834 835 839 841 843 846 847 850 851 854 856 857 861 863 865 866 870 871 873 874 875 877 880 881 882 885 886 889 898 900 901 902 905 907 908 910 911 914 915 916 920 922 925 926 927 928 929 930 931 934 935 939 940 941 943 944 945 946 947 948 952 953 956 957 958 960 964 966 969 970 972 974 976 977 978 980 981 983 985 986 987 988 989 991 994 996 997 998 999 1000 1003 1005 1006 1008 1009 1010 1011 1013 1014 1016 1017 1019 1020 1023 1024 1025 1026 1027 1032 1033 1035 1036 1037 1039 1040 1041 1042 1044 1045 1046 1048 1050 1053 1055 1056 1057 1058 1059 1060 1061 1064 1066 1068 1070 1072 1073 1074 1076 1078 1079 1081 1087 1089 1091 1095 1097 1098 1099 1100 1102 1104 1105 1106 1108 1109 1110 1112 1113 1116 1117 1118 1119 1120 1121 1122 1123 1124 1126 1129 1130 1132 1134 1135 1136 1137 1140 1142 1145 1146 1147 1148 1149 1151 1152 1155 1156 1157 1160 1161 1162 1164 1165 1166 1168 1169 1172 1174 1176 1179 1181 1182 1184 1187 1190 1191 1193 1194 1195 1196 1198 1199 1203 1205 1206 1207 1208 1209 1210 1211 1213 1215 1217 1218 1219 1221 1222 1225 1232 1234 1235 1237 1239 1240 1242 1249 1250 1254 1255 1256 1258 1259 1261 1262 1263 1264 1265 1270 1272 1273 1274 1275 1276 1277 1278 1279 1281 1282 1283 1286 1288 1289 1290 1291 1293 1294 1297 1299 1300 1304 1306 1307 1308 1311 1312 1314 1315 1316 1320 1321 1323 1325 1326 1327 1329 1330 1332 1335 1336 1337 1339 1340 1341 1343 1344 1349 1350 1351 1352 1353 1354 1355 1358 1359 1362 1365 1366 1367 1368 1370 1371 1372 1374 1375 1377 1378 1379 1380 1381 1382 1388 1389 1396 1398 1401 1404 1405 1406 1409 1410 1412 1413 1415 1416 1417 1418 1421 1422 1423 1424 1425 1427 1428 1429 1430 1431 1432 1433 1434 1441 1445 1446 1447 1451 1452 1453 1454 1455 1456 1457 1461 1462 1463 1464 1465 1466 1467 1469 1470 1472 1474 1475 1478 1480 1482 1484 1485 1486 1488 1489 1490 1492 1494 1495 1496 1497 1499 1503 1504 1507 1508 1509 1510 1512 1513 1515 1516 1517 1518 1520 1521 1523 1525 1526 1527 1528 1529 1532 1533 1534 1535 1536 1539 1542 1545 1548 1554 1557 1558 1561 1563 1564 1568 1570 1571 1574 1576 1577 1578 1581 1582 1583 1585 1586 1587 1588 1590 1591 1592 1594 1595 1596 1597 1598 1600 1601 1603 1604 1605 1607 1608 1609 1610 1614 1615 1617 1621 1622 1623 1624 1627 1628 1637 1638 1640 1641 1642 1644 1645 1648 1649 1652 1654 1658 1659 1660 1661 1662 1663 1664 1665 1666 1667 1668 1669 1670 1671 1672 1676 1677 1679 1680 1681 1682 1683 1685 1686 1689 1691 1694 1696 1697 1698 1699 1701 1702 1703 1705 1706 1707 1708 1709 1710 1711 1713 1714 1715 1717 1719 1721 1722 1723 1727 1729 1731 1733 1734 1735 1736 1738 1739 1742 1744 1745 1746 1747 1748 1749 1751 1753 1754 1756 1757 1759 1762 1763 1765 1767 1769 1770 1771 1773 1775 1776 1779 1780 1781 1782 1784 1785 1786 1787 1788 1789 1790 1792 1796 1797 1799 1802 1803 1804 1805 1807 1808 1809 1812 1814 1816 1819 1822 1824 1825 1827 1828 1829 1830 1831 1832 1833 1834 1835 1840 1841 1842 1844 1845 1847 1849 1852 1853 1854 1857 1860 1861 1863 1865 1867 1871 1873 1882 1884 1887 1888 1889 1891 1892 1893 1894 1896 1897 1899 1902 1903 1905 1907 1908 1910 1912 1915 1918 1920 1921 1922 1924 1925 1926 1929 1932 1933 1935 1936 1938 1940 1941 1943 1945 1952 1953 1956 1957 1959 1964 1965 1969 1970 1973 1974 1975 1976 1979 1980 1981 1982 1983 1984 1987 1988 1990 1991 1992 1993 1994 1995 1996 1997 1999 2000 2002 2004 2007 2009 2013 2014 2019 2020 2022 2024 2025 2027 2029 2030 2031 2033 2036 2037 2042 2044 2046 2047 2050 2051 2052 2055 2058 2059 2063 2067 2068 2071 2073 2074 2075 2076 2079 2080 2083 2085 2087 2089 2090 2091 2092 2094 2096 2097 2098 2099 2101 2103 2105 2106 2107 2108 2110 2112 2113 2114 2115 2116 2118 2120 2122 2123 2124 2125 2126 2127 2130 2131 2136 2138 2139 2144 2146 2149 2151 2155 2156 2158 2160 2163 2164 2166 2167 2168 2169 2170 2171 2174 2177 2178 2179 2180 2182 2184 2186 2187 2188 2189 2191 2192 2195 2197 2198 2200 2201 2203 2204 2205 2208 2210 2211 2212 2216 2218 2219 2220 2224 2225 2226 2227 2231 2232 2234 2235 2236 2237 2238 2240 2242 2243 2244 2245 2246 2247 2249 2251 2255 2259 2260 2262 2263 2265 2269 2270 2271 2272 2273 2276 2279 2280 2281 2284 2285 2286 2287 2288 2291 2292 2293 2294 2296 2297 2298 2301 2302 2303 2304 2307 2308 2314 2317 2319 2320 2321 2322 2323 2326 2328 2329 2330 2334 2339 2340 2341 2342 2343 2344 2346 2348 2351 2352 2355 2357 2358 2359 2361 2362 2363 2364 2370 2371 2375 2376 2378 2379 2380 2381 2384 2385 2386 2387 2388 2389 2391 2394 2395 2396 2400 2401 2406 2407 2408 2409 2410 2414 2415 2417 2418 2419 2420 2423 2425 2426 2428 2429 2432 2438 2440 2441 2442 2443 2445 2446 2449 2450 2453 2455 2458 2459 2460 2461 2463 2465 2467 2469 2471 2472 2474 2475 2476 2477 2479 2480 2481 2482 2483 2484 2486 2487 2489 2490 2492 2493 2496 2503 2504 2506 2507 2509 2510 2511 2512 2513 2514 2515 2516 2517 2525 2527 2528 2530 2531 2533 2535 2539 2540 2541 2545 2546 2548 2550 2551 2554 2556 2557 2558 2560 2561 2566 2567 2569 2571 2572 2575 2576 2581 2582 2583 2585 2586 2587 2588 2590 2594 2596 2597 2604 2606 2607 2612 2613 2618 2619 2620 2621 2622 2624 2625 2626 2629 2631 2633 2634 2636 2637 2638 2640 2641 2645 2646 2647 2648 2650 2652 2653 2655 2656 2658 2659 2660 2661 2664 2665 2668 2670 2671 2672 2675 2676 2677 2679 2681 2686 2687 2689 2690 2691 2692 2693 2694 2695 2696 2698 2699 2700 2705 2708 2709 2710 2714 2717 2719 2720 2722 2723 2727 2728 2730 2731 2733 2735 2736 2739 2744 2745 2746 2747 2749 2751 2752 2754 2757 2759 2760 2762 2763 2764 2766 2767 2773 2776 2778 2779 2781 2782 2783 2786 2787 2788 2789 2790 2792 2796 2797 2800 2802 2803 2804 2811 2814 2816 2822 2823 2824 2825 2826 2827 2829 2832 2834 2837 2841 2845 2846 2848 2851 2852 2855 2857 2861 2862 2864 2866 2868 2870 2872 2875 2876 2877 2878 2879 2880 2881 2886 2889 2890 2891 2893 2894 2898 2899 2901 2903 2904 2906 2907 2910 2914 2917 2919 2922 2923 2925 2927 2929 2931 2933 2934 2939 2942 2943 2944 2946 2949 2950 2952 2954 2958 2963 2964 2966 2968 2971 2972 2973 2975 2978 2979 2980 2981 2982 2984 2985 2986 2988 2989 2991 2993 2996 2998 3003 3004 3005 3008 3010 3012 3014 3015 3018 3020 3022 3024 3025 3026 3028 3034 3035 3036 3037 3043 3044 3049 3051 3052 3056 3057 3060 3061 3063 3069 3080 3081 3082 3084 3085 3086 3089 3090 3091 3094 3095 3097 3098 3101 3102 3104 3105 3107 3112 3113 3115 3121 3123 3124 3126 3132 3133 3134 3135 3138 3139 3140 3142 3146 3148 3149 3151 3153 3154 3155 3157 3158 3159 3160 3162 3164 3165 3166 3168 3171 3172 3177 3178 3181 3183 3184 3185 3190 3192 3194 3195 3196 3198 3202 3209 3210 3212 3215 3216 3224 3225 3226 3227 3232 3235 3236 3238 3239 3240 3242 3243 3250 3252 3254 3255 3256 3257 3258 3260 3263 3269 3273 3276 3278 3280 3281 3284 3285 3286 3288 3289 3290 3294 3295 3297 3299 3301 3304 3308 3310 3313 3315 3317 3318 3319 3321 3322 3325 3326 3327 3328 3329 3330 3331 3333 3336 3338 3340 3342 3343 3345 3347 3348 3349 3351 3352 3354 3355 3356 3358 3360 3362 3363 3364 3365 3367 3368 3369 3376 3377 3378 3379 3382 3385 3386 3388 3390 3393 3396 3400 3401 3406 3407 3410 3411 3413 3416 3418 3422 3423 3425 3426 3429 3430 3431 3434 3437 3440 3441 3442 3443 3447 3449 3451 3453 3454 3455 3456 3457 3458 3459 3460 3461 3467 3468 3469 3470 3473 3476 3477 3479 3480 3484 3485 3486 3488 3490 3491 3492 3493 3494 3497 3498 3500 3504 3505 3506 3507 3508 3509 3510 3514 3515 3516 3517 3518 3519 3521 3525 3526 3528 3529 3531 3532 3534 3535 3536 3537 3539 3540 3542 3544 3545 3546 3547 3551 3553 3555 3556 3557 3559 3561 3562 3564 3566 3567 3568 3569 3570 3572 3573 3575 3576 3578 3579 3582 3583 3584 3585 3587 3588 3589 3591 3593 3595 3598 3601 3603 3606 3608 3609 3610 3612 3613 3615 3616 3617 3619 3620 3621 3622 3623 3626 3627 3628 3630 3631 3634 3635 3637 3639 3646 3648 3650 3653 3654 3656 3657 3659 3662 3666 3668 3674 3677 3680 3683 3689 3690 3691 3693 3695 3696 3701 3706 3707 3708 3709 3710 3712 3713 3715 3717 3718 3719 3720 3721 3722 3726 3727 3728 3729 3734 3735 3737 3738 3739 3740 3742 3743 3744 3751 3754 3756 3760 3761 3768 3769 3770 3771 3774 3775 3777 3780 3781 3782 3783 3786 3787 3789 3791 3792 3794 3795 3797 3798 3801 3805 3806 3811 3813 3815 3816 3819 3820 3822 3824 3825 3826 3828 3829 3830 3833 3835 3836 3842 3843 3844 3845 3846 3847 3848 3849 3852 3856 3857 3858 3860 3864 3867 3868 3871 3872 3874 3876 3881 3883 3884 3885 3886 3888 3889 3898 3899 3901 3903 3904 3906 3908 3911 3913 3915 3916 3917 3918 3919 3922 3923 3925 3926 3927 3928 3931 3932 3935 3936 3940 3942 3944 3945 3947 3950 3952 3956 3959 3965 3966 3967 3969 3971 3972 3973 3974 3975 3976 3977 3978 3982 3983 3985 3986 3989 3992 3994 3996 3998 4000 4001 4002 4004 4005 4006 4007 4008 4010 4013 4015 4018 4019 4020 4024 4027 4028 4029 4030 4031 4033 4034 4036 4039 4041 4043 4044 4045 4049 4050 4052 4055 4059 4060 4061 4062 4063 4064 4069 4070 4072 4073 4076 4077 4078 4081 4084 4086 4090 4091 4093 4097 4098 4102 4105 4107 4109 4110 4114 4115 4116 4117 4120 4122 4123 4124 4127 4128 4132 4133 4134 4135 4137 4144 4146 4147 4151 4152 4153 4154 4156 4158 4160 4162 4163 4164 4165 4166 4168 4169 4170 4171 4173 4175 4176 4177 4179 4181 4183 4185 4187 4189 4191 4193 4194 4210 4212 4213 4215 4216 4217 4219 4222 4227 4228 4229 4232 4234 4236 4239 4240 4244 4245 4247 4249 4250 4251 4253 4254 4255 4256 4257 4258 4260 4261 4263 4265 4266 4267 4270 4271 4272 4273 4277 4278 4279 4280 4281 4283 4286 4288 4289 4291 4292 4293 4294 4295 4300 4301 4303 4305 4306 4308 4309 4312 4316 4317 4318 4319 4324 4326 4327 4328 4331 4333 4334 4335 4338 4339 4340 4342 4350 4351 4352 4354 4355 4358 4359 4360 4362 4364 4365 4367 4368 4372 4374 4375 4376 4377 4380 4385 4386 4387 4388 4389 4393 4394 4395 4398 4402 4403 4404 4405 4408 4410 4413 4424 4434 4441 4442 4445 4446 4447 4449 4452 4454 4456 4457 4458 4459 4461 4465 4473 4478 4479 4488 4492 4497 4498 4500 4504 4506 4507 4509 4512 4513 4517 4518 4519 4520 4521 4522 4523 4524 4526 4527 4530 4532 4533 4535 4536 4538 4540 4542 4553 4554 4560 4562 4564 4566 4567 4574 4576 4577 4580 4582 4584 4585 4590 4592 4594 4598 4601 4603 4604 4605 4607 4611 4612 4614 4616 4618 4619 4620 4621 4623 4627 4629 4632 4633 4635 4637 4638 4639 4640 4644 4647 4649 4650 4651 4654 4656 4657 4662 4664 4668 4670 4671 4672 4673 4675 4676 4679 4682 4685 4687 4689 4691 4692 4693 4696 4700 4702 4703 4707 4708 4711 4716 4717 4720 4723 4725 4727 4732 4733 4736 4738 4739 4741 4743 4746 4747 4752 4753 4754 4755 4757 4761 4763 4764 4769 4772 4777 4778 4779 4782 4786 4789 4793 4796 4799 4805 4807 4812 4819 4821 4832 4834 4837 4841 4843 4851 4854 4857 4858 4862 4872 4873 4877 4879 4882 4883 4885 4888 4890 4894 4896 4898 4899 4900 4902 4906 4909 4910 4911 4916 4921 4922 4925 4927 4928 4930 4933 4938 4940 4943 4945 4948 4956 4958 4964 4965 4970 4971 4973 4977 4978 4980 4981 4984 4987 4989 4992 4993 4999 5002 5004 5006 5009 5010 5012 5013 5018 5021 5022 5023 5025 5030 5035 5037 5039 5043 5046 5047 5050 5055 5057 5062 5066 5070 5071 5073 5074 5075 5076 5078 5080 5081 5085 5088 5089 5090 5091 5092 5094 5098 5102 5104 5107 5108 5110 5111 5112 5114 5115 5117 5119 5123 5124 5126 5128 5131 5134 5136 5141 5142 5144 5148 5155 5157 5160 5164 5168 5173 5174 5177 5181 5183 5189 5192 5193 5196 5201
10 13 15 19 54 56 57 59 65 70 71 76 93 98 113 116 144 189 190 194 205 213 217 218 232 236 244 248 257 260 263 273 292 304 321 325 342 347 356 360 361 363 365 366 374 376 378 387 388 394 398 402 406 408 411 422 425 437 445 446 451 459 468 474 477 486 493 495 499 501 506 512 520 570 574 576 582 594 605 609 615 617 624 626 637 640 650 651 658 659 661 670 688 698 707 712 730 736 742 743 746 748 750 752 764 773 776 777 779 795 801 804 810 814 825 830 832 836 842 848 853 855 860 867 879 883 887 888 892 897 917 921 923 936 959 965 968 971 979 992 995 1012 1029 1030 1031 1034 1043 1051 1052 1063 1069 1080 1082 1084 1086 1090 1092 1103 1111 1128 1133 1139 1144 1150 1158 1159 1163 1170 1177 1189 1192 1214 1216 1223 1228 1230 1231 1236 1247 1284 1301 1303 1310 1319 1322 1345 1360 1364 1373 1384 1387 1392 1397 1407 1438 1439 1442 1444 1449 1450 1458 1460 1483 1491 1506 1519 1524 1540 1543 1547 1550 1553 1556 1575 1579 1613 1616 1630 1633 1634 1636 1646 1674 1690 1693 1695 1704 1725 1726 1740 1752 1766 1772 1774 1793 1795 1818 1820 1826 1837 1846 1848 1856 1858 1859 1862 1864 1872 1875 1877 1878 1879 1885 1895 1898 1914 1916 1923 1927 1942 1947 1955 1958 1961 1962 1978 1985 1986 2001 2005 2010 2011 2012 2015 2016 2021 2023 2034 2039 2040 2045 2054 2057 2061 2066 2070 2072 2078 2086 2119 2121 2129 2133 2145 2148 2152 2154 2165 2181 2194 2202 2206 2207 2214 2215 2217 2221 2228 2230 2233 2248 2254 2256 2267 2268 2274 2275 2283 2299 2300 2309 2310 2313 2315 2318 2325 2327 2331 2332 2333 2367 2369 2392 2404 2433 2434 2435 2436 2437 2452 2456 2466 2470 2473 2502 2521 2523 2526 2529 2532 2536 2537 2543 2547 2552 2553 2555 2564 2578 2589 2591 2592 2593 2602 2608 2609 2614 2623 2627 2628 2635 2642 2643 2684 2697 2703 2707 2713 2715 2725 2732 2734 2738 2742 2748 2750 2755 2765 2770 2772 2774 2794 2809 2810 2813 2815 2820 2831 2836 2853 2856 2858 2860 2865 2869 2882 2883 2887 2895 2896 2897 2900 2909 2913 2918 2924 2932 2936 2947 2951 2953 2960 2961 2962 2965 2967 2970 2977 3000 3001 3009 3011 3013 3038 3039 3047 3050 3053 3068 3070 3072 3077 3078 3083 3093 3100 3106 3110 3111 3116 3117 3128 3129 3130 3137 3152 3163 3167 3169 3180 3186 3214 3228 3234 3248 3251 3253 3277 3287 3293 3300 3303 3306 3312 3314 3323 3332 3334 3337 3339 3350 3357 3359 3361 3370 3391 3395 3408 3415 3424 3433 3439 3450 3452 3465 3496 3511 3524 3527 3541 3548 3549 3552 3560 3594 3597 3600 3604 3607 3625 3632 3643 3645 3649 3651 3658 3673 3678 3679 3686 3688 3692 3698 3703 3716 3724 3731 3749 3752 3757 3759 3763 3773 3785 3790 3802 3809 3810 3837 3840 3854 3859 3863 3875 3895 3930 3934 3954 3955 3958 3960 3964 3970 3980 3987 3988 3995 3997 3999 4012 4022 4023 4026 4035 4040 4046 4048 4051 4054 4057 4071 4079 4080 4082 4087 4092 4103 4106 4111 4119 4125 4141 4143 4145 4148 4155 4159 4167 4182 4192 4195 4196 4198 4204 4205 4207 4214 4223 4225 4230 4238 4269 4274 4307 4311 4325 4329 4343 4349 4353 4361 4363 4369 4378 4381 4391 4397 4406 4417 4423 4426 4427 4436 4438 4444 4453 4455 4467 4475 4491 4493 4501 4514 4528 4539 4541 4550 4551 4558 4565 4569 4578 4583 4587 4631 4646 4658 4660 4674 4681 4683 4686 4690 4694 4695 4697 4698 4704 4705 4715 4719 4729 4734 4740 4744 4748 4749 4756 4762 4765 4785 4788 4790 4801 4803 4804 4813 4815 4816 4818 4820 4827 4833 4838 4846 4847 4852 4861 4887 4889 4903 4908 4917 4918 4931 4947 4960 4961 4963 4974 4983 4986 4988 4991 5041 5048 5052 5059 5061 5077 5082 5084 5086 5099 5105 5129 5135 5137 5158 5159 5172 5180 5184 5185 5199
27 121 133 140 183 225 250 252 296 331 349 390 435 442 479 485 513 537 549 622 647 652 693 711 771 868 872 932 933 1002 1049 1071 1115 1125 1131 1167 1183 1188 1202 1220 1224 1246 1269 1285 1287 1298 1348 1363 1386 1420 1440 1448 1459 1477 1479 1481 1530 1566 1629 1632 1673 1700 1712 1798 1810 1811 1813 1904 1949 1950 1963 1968 2077 2161 2199 2209 2277 2282 2338 2365 2403 2424 2430 2439 2444 2451 2478 2497 2500 2559 2579 2605 2616 2630 2632 2651 2666 2702 2743 2756 2777 2799 2818 2839 2840 2849 2859 2884 2888 2911 2912 2920 2941 2976 2987 3006 3027 3042 3059 3073 3099 3161 3188 3191 3197 3213 3217 3237 3265 3267 3271 3282 3305 3372 3384 3462 3481 3487 3501 3513 3563 3574 3602 3605 3614 3618 3624 3640 3641 3663 3669 3705 3748 3755 3800 3812 3879 3924 3937 3957 4021 4042 4053 4056 4088 4094 4113 4140 4142 4221 4241 4290 4297 4302 4313 4341 4346 4371 4384 4396 4418 4422 4433 4443 4448 4460 4462 4480 4494 4561 4563 4579 4581 4586 4595 4608 4610 4669 4677 4712 4713 4737 4751 4798 4811 4828 4829 4836 4875 4897 4915 4920 4934 4952 5000 5020 5032 5033 5040 5060 5069 5079 5093 5121 5125 5145 5151 5169 5200
30 150 181 270 328 346 428 454 461 464 613 737 757 781 864 963 1083 1094 1127 1178 1185 1266 1436 1468 1502 1541 1546 1559 1611 1618 1764 1948 1972 2140 2143 2147 2150 2173 2196 2372 2374 2454 2519 2595 2682 2721 2729 2835 2854 2915 3040 3071 3087 3173 3346 3381 3389 3398 3489 3520 3642 3676 3681 3702 3779 3891 3896 4014 4180 4390 4505 4544 4770 4817 4907 4941 4953 4985 5042 5049 5167
348 796 1511 1655 1730 1913 2093 2413 2892 3103 3344 3374 3380 3464 3799 3855 3968 4200 4706 4855 4976 5097
2289 2412 4503 4625
8 11 25 89 101 119 156 204 219 222 243 302 337 345 399 424 449 516 557 655 811 852 884 893 967 984 1004 1015 1141 1153 1154 1175 1252 1260 1305 1324 1361 1369 1390 1498 1505 1606 1651 1741 1836 1883 1944 1954 1960 2018 2026 2065 2117 2135 2142 2157 2250 2258 2264 2324 2354 2356 2427 2542 2549 2704 2847 2974 2990 2994 2999 3007 3016 3041 3045 3055 3074 3136 3174 3208 3244 3409 3436 3474 3554 3670 3730 3736 3814 3827 3831 3832 3841 4101 4112 4310 4483 4624 4881
40 100 153 184 267 1716 1794 1850 1851 1874 1906 2278 2312 2737 3019 3066 3201
1 4 29 47 73 110 172 238 246 254 262 279 338 419 457 483 484 507 509 523 563 579 601 604 631 633 664 671 674 679 723 724 766 770 788 802 815 817 828 837 845 894 896 899 904 906 937 938 949 990 1001 1007 1028 1047 1054 1062 1065 1067 1085 1114 1143 1171 1173 1180 1200 1212 1233 1248 1268 1280 1295 1331 1334 1399 1402 1408 1414 1522 1551 1565 1584 1625 1626 1657 1678 1688 1720 1737 1755 1768 1791 1800 1815 1843 1880 1900 1909 1919 1928 1934 1946 1966 1967 2035 2038 2043 2053 2062 2081 2109 2128 2132 2153 2175 2176 2213 2222 2253 2316 2360 2373 2377 2393 2398 2402 2411 2422 2457 2462 2488 2491 2499 2534 2577 2598 2617 2663 2673 2685 2701 2706 2758 2771 2785 2793 2833 2838 2842 2874 2905 2928 2935 2940 2983 3021 3030 3046 3048 3058 3088 3119 3125 3179 3187 3205 3220 3221 3268 3274 3341 3392 3399 3417 3427 3438 3445 3446 3499 3571 3577 3586 3599 3611 3633 3644 3661 3671 3687 3725 3732 3767 3796 3823 3850 3880 3887 3953 3984 4075 4083 4096 4188 4224 4264 4284 4287 4337 4345 4428 4593 4643 4667 4870 4955 5191
120 122 126 139 142 145 148 157 162 165 168 182 185 220 231 237 259 282 289 319 323 330 354 427 429 440 444 470 480 489 498 508 533 539 553 554 561 564 572 608 618 629 683 734 808 823 838 840 844 876 878 891 913 918 919 950 954 955 962 982 993 1021 1075 1096 1101 1197 1201 1204 1227 1229 1244 1245 1251 1267 1296 1302 1318 1338 1356 1376 1391 1400 1471 1473 1500 1552 1555 1562 1602 1620 1635 1643 1647 1653 1687 1728 1758 1760 1817 1821 1839 1890 1971 1977 1989 2082 2134 2137 2159 2162 2266 2337 2347 2416 2431 2494 2495 2518 2524 2562 2565 2584 2603 2610 2615 2649 2657 2683 2711 2741 2784 2805 2830 2843 2867 2908 2916 2945 2969 2992 2995 3033 3062 3065 3120 3127 3131 3141 3176 3230 3231 3245 3247 3261 3275 3296 3309 3324 3371 3387 3402 3412 3466 3471 3482 3558 3565 3580 3647 3652 3672 3675 3711 3723 3747 3758 3776 3804 3807 3893 3897 3902 3907 3943 3946 3951 3961 4011 4065 4066 4104 4136 4157 4174 4203 4231 4235 4243 4248 4259 4282 4314 4431 4487 4490 4511 4534 4571 4642 4653 4709 4710 4724 4742 4745 4825 4859 4901 4924 4950 4951 5003 5014 5138 5179 5188
17 66 295 307 410 545 607 684 719 803 859 961 1018 1077 1333 1346 1383 1476 1572 1718 1732 1761 1911 1939 2064 2088 2100 2111 2229 2290 2295 2335 2368 2383 2397 2464 2468 2485 2508 2716 2740 2795 2801 2807 2885 3193 3223 3259 3266 3298 3311 3375 3419 3428 3472 3636 3682 3699 3741 3838 3869 3882 3963 4037 4068 4201 4246 4416 4421 4466 4726 4808 4814 5154
103 152 201 211 281 869 903 912 924 942 1241 1253 1567 1631 1650 1806 1881 1998 2183 2190 2382 2505 2601 2639 2654 2753 3118 3189 3307 3448 3592 3665 3834 3905 3920 3979 4555 4602 4864 4874 4972
849
5001
32 43 368 372 727 909 1238 1243 1328 1385 1531 1537 1544 1589 1675 1750 1783 1866 1868 1869 2003 2141 2311 2498 2544 2662 2930 2957 3092 3145 3175 3203 3279 3629 3851 4197 4202 4242 4382 4430 4876
4552
526 543 696 1022 1342 1395 1435 1538 1886 1937 2172 2257 2448 2563 2724 2808 2817 2819 2844 2902 3114 3170 3206 3684 3750 3764 3784 3793 3803 3861 3933 3948 4108 4126 4138 4172 4226 4315 4400 4425 4499 4508 4684 4766 4774 4775 4871 4878 4936 5150 5176
488 2261 2538 2568 3207 3335 3533 3753 3910 3939 4383 4450 4525 4678 4850 5182
1186 1393 4009 4336 4730 4946
1501 4929
1917 2060 2349 3873 4543
4895
2768
3292 4432 5019
3435
4617
4599
3233
5056
4089
515 614 634 738 1347 1619 1656 1951 2069 2873 3023 3211 3877 4370 4641 4823 4869 4982 5065
2017 2104 2305 2390 2421 3143 3495 3762 3821 3890 3900 4017 4121 4209 4220 4407 4429 4531 4575 4596 4666 4784 4826 4962 5072 5143 5161 5170
1107 3200 3522 3714 3808 4095 4252 4409 4622 4628 4768 4787 4840 5028 5146
1271 1292 2806 3067 3444 4322 4630 4714 4810 4905 5011 5147
1487 4003
4130
4699
5118
4944
5194
3981
5197
1639 4348
5133
4323
5064
5034
4420
5096
4304
4904
4366
5113
4347
3414 4085 4206 4237 4597 4912
2791 4058 4570 4800
569 862 975 1403 1580 1593 2102 2239 2680 3002 3017 3272 3353 3394 3655 3660 3733 3818 3878 3962 3993 4515 4549 4665 4780 4860 4863 4959 4994 4995 5063 5087 5109
1838 2871 2948 2997 3373 3512 3921 3991 4199 4356 4401 4437 4781 4856 4886 4893 4949 5017 5058 5083
1426 2959 3894 4439 4557 4559 4609 4634 5095 5120
3270 4537 5156
4074
3291
3638 5068
1317
5195
1514
4990
595 625 895 1138 1870 2600 2726 3264 3478 3938 4099 4131 4275 4556 4613 4680 4806
335 4750 4795 4822 5139
4797
4842
3778
1743 4767
5165
1443 3538 4471
1876 3420 4548 4937 4966
3222
5015
393 1357 1419 3054 3772 4186 4771
2850 4844
4373
2688
4545
4830
3853
2955
4794
4468
4848
4914
5100
5008
5186
783 4218 4626
5166
4759
5024
4320
4451
4731
4129
602
5187
2501 4923
3199 4783
2669 5051 5106
3700 4568 4868 5122
4853
4392 4606
125 314 487 1093 1684 2185 2193 2667 2761 3109 3122 3219 3685 3892 4412 4463 4469 4470 4502 4648 4652 4735 4758 4919 5026
1569 5007
294
1549 4208
2032 5127
4472
4942
2095 2921
4149
4268 4979
5175
5190
4849
951 3182 3320 4344
3596 4484 4760 5153
4276
1573
4932
2674 3866 4332 4957 5027
284 1560 2522 3550 4718 4773
5149
4419
5103
1724 2644 3029 3403 3475 3664 3667 3941 4481 4482 4636 4809 4835 4839 4867 4939 5130 5162
1394 2520 3156 4139 4891 4975
3032
4880
5178
3463
3990
4178 4591 5029
4435
5038
4529
3249
2611 3302 3383 3523 4262
5016
5116
4865
3218
3590
1931 2712 3405 4589 5054 5132
2938 3914 4968
3262
4802
4547
2048 4510
4954
3241
5101
2041
2570 3704 4047 4067 4464 4892 4969 5036
2812
2956 3366 3909 4728
3788
4357
4474
2252 3543 4411
4285
3246 4184 4663
2828 5163
4415
4659
4016
173 973 1692 1777 3150 3316 3865 4118 4211 4399 4495 4516 4935 5005 5152
433 490 600 1411 2573 2798 3031 4721 4998
588 1437 4379 4655
635 4546
2574
3502
4298
5044
4996
4161
3229
3404
3581
4688
4476
4330
2336
3870
4792 4926
4645 4967
4032
4845
4776
4477
2223 3144 4414
2405 2678 3079 3765 4025 4440 4588 5198
2718
3745
381 3503 4824
5031
4321
1088 4884
763 2345 2780 3912 4299 4489 4791
4190
2306 4233 4913
4572
2350 3949 4722
3397 3862
315 1226 1855 3432 3697 4701
1493 3064
4615
1257 2084
26 4038
2008 3147 5067
3530 3817
2926
4661
3483 4296
5140
4997
3839
2580
2821
4100
3096
5171
128 761 1038 2006 2769 3076 3929
149 251 377 385 619 673 1309 1599 1612 2028 2049 2056 2241 2399 2863 3075 3204 3283 3694 4485 4486 4496 4573 4831
224 239 351 448 646 774 858 890 1313 1778 1823 1930 2447 2599 2775 2937 3108 3746 4150 4600 5053
1901 2366
5045
3421
3766
1801 2353
4866
