72 107 115
121
40
23
83
160
172
35
128
67
85
57
96
81
109
1
6
25
17
16
21
174
132
30
19
58
147
59
61
168
117
103
152
42
95
84
100
134
141
181
75
148
65
145
151
45
149
7
114
130
8
43
51
79
56
32 63 154
5
74
87
163
24
26
178
4 13 20 27 28 33 34 36 39 44 53 70 78 92 99 104 110 113 125 129 136 137 138 143 144 150 155 156 167 170 180 182
10 50 54
69
22
48
55 126 135
62
47
77
158
2 177
29
11 73 108
12
46
3
112
41 131
60
86
124
66 166
93 175
116
9
97
146
101 139
169
18 98
127
183
157
49
140
68
111 171
31
118
165
14 164
64 82 120
89
37
123
52 161
76 88 162
142
90
153
105 119
91
38
80
133
179
71
106
173
15
94
159
102
122
176
