1 2 3 4 7 8 9 10 11 13 14 15 18 19 20 26 27 28 29 33 34 36 38 39 41 43 44 45 46 47 49 50 52 53 54 55 62 64 68 69 70 71 72 73 76 77 78 79 82 87 88 89 90 92 93 94 97 98 99 101 102 104 105 106 107 108 110 111 112 113 114 115 116 118 119 120 122 123 124 125 126 129 131 133 135 136 137 138 139 140 142 143 144 146 150 153 155 156 158 159 161 162 163 164 165 167 169 170 171 173 175 176 177 179 180 182 183
5 6 12 21 22 23 24 31 32 48 51 56 60 61 63 65 66 74 75 80 86 103 127 130 134 145 148 149 151 154 166 178
83 160
35 132 172
17 128
67
85
57
42 81 96
30 109
25 152 168
16
117
174
59
40 84 91 95 100 157 181
147
58
121
37
141
