2 3 4 5 7 8 9 10 11 14 15 16 17 18 19 20 22 23 24 25 27 28 31 34 35 37 39 40 41 43 44 47 48 49 50 56 57 59 60 61 62 63 65 66 67 69 71 72 73 74 75 77 78 79 81 83 84 85 86 87 89 91 92 95 96 97 100 101 103 104 106 107 109 110 111 112 113 114 115 117 118 119 120 122 124 125 126 128 131 132 134 135 136 137 138 139 140 141 143 144 147 149 150 151 152 154 155 158 159 160 162 163 164 165 166 167 170 173 175 176 177 178 180 181 182 183 186 188 189 190 191 192 194 195 196 197 199 201 204 206 207 209 211 213 214 215 216 219 220 221 222 223 224 225 226 227 228 229 231 233 234 235 236 238 239 240 241 244 245 246 248 249 250 251
12 29 32 36 58 68 70 88 90 93 108 123 127 129 133 145 146 156 161 168 184 185 200 203 208 210 217 218 230 242
13 30 80 148 157 171 179
42 45 76
174
243
99
6 98 116
53
1 26 51 52 54 64 94 105 121 130 187 198 202 232
205
21 38 172
153
33 212
46 169
82 102 142 237 247
55 193
