37 137 225
224
233
32
70
93
212
171
179
6 98 116
53
174
205
243
99
45
159
145
52
139
64
105
33
21
76
42
55
196
131
153
1
146
108
184
198
63
118
13
232
26
51
38
193
172
157
148
80
200
121
202
218
207
113
130
169
94
88
30
122
187
103
161
54
90
29
65
127
162
49
244
36
123
129
181
209
208
46
82 102 142 237 247
4
31 50 71 72
58
87 115 191
156
27
66
183
67
7
149
151 195
150
168
203
206
234
2 15 17 18 20 24 41 56 57 60 61 77 81 89 95 96 134 135 175 178 219 221 228 236 238
112
9
12
23 204
34
68
110
133
138 147 176
164
170
210
10
141
167
230
109
40 163
104
242
101
245
28
79
220
35
241
197
246
84
117 223
78
154
173
185
213
227
3
47 120 160 166
128
124
119
19 140
106
217
8
100
201
39
92
11 125
211
14
85
25
250
59
111
144
186
199
83 114
229
73
86
136 231
152
165 215
192
74
126
190
216
226
239
69
194 214
158
44
97
107
43
16 132
62
177
235
222
251
189
182
240
143
48
22 75
249
155
188
180
91
248
5
