2 3 5 8 10 11 14 15 16 17 18 19 20 22 24 25 27 31 37 39 40 41 43 44 48 49 50 56 57 59 60 61 62 63 66 67 71 72 73 74 75 77 78 81 83 84 85 86 89 91 95 96 100 101 106 107 109 110 111 112 114 117 119 124 125 126 128 132 134 135 136 137 138 140 143 144 147 149 151 152 155 158 159 163 165 167 175 176 177 178 180 181 182 186 188 192 194 195 197 201 211 213 214 215 216 219 220 221 222 223 224 225 226 227 228 229 231 234 235 236 238 240 241 248 249 250 251
4 7 9 23 28 35 36 47 65 68 69 79 87 92 103 104 115 120 129 133 139 145 146 150 154 156 160 166 168 173 183 185 189 190 191 196 199 204 206 209 210 217 233 239 242 244 245 246
29 58 70 127 153 184 203
33 212
42 179
45 193
174
205
243
99
53
118
12 26 108 131 230 232
1
51
13 21
38
76
171 172
148
64 90 94 105 161 200 208
130
34 97 113 122 162 170 202 207 218
55
6 98 116
52
187 198
30
80 157
123
32 141
88
164
93
54
121
46 82 102 142 237 247
169
